{
    "w": 640,
    "h": 480,
    "aabb_scale": 1,
    "fl_x": 240,
    "k1": 0,
    "p1": 0,
    "fl_y": 240,
    "k2": 0,
    "p2": 0,
    "cx": 320,
    "cy": 240,
    "camera_angle_x": 1.5707963267948966,
    "camera_angle_y": 1.5707963267948966,
    "enable_depth_loading": true,
    "integer_depth_scale": 6.103608758678569e-05,
    "frames": [
        {
            "file_path": "./images/chair_0_0.png",
            "depth_path": "./images/chair_depth_0_0.png",
            "transform_matrix": [
                [
                    -9.957992501029599e-17,
                    -2.220446049250313e-16,
                    1.0,
                    3.0
                ],
                [
                    1.0,
                    -2.2111185107375417e-32,
                    9.957992501029599e-17,
                    0.0
                ],
                [
                    0.0,
                    1.0,
                    2.220446049250313e-16,
                    0.0
                ],
                [
                    0.0,
                    0.0,
                    0.0,
                    1.0
                ]
            ]
        },
        {
            "file_path": "./images/chair_0_1.png",
            "depth_path": "./images/chair_depth_0_1.png",
            "transform_matrix": [
                [
                    -0.20791169081775945,
                    -2.1719239756330517e-16,
                    0.9781476007338058,
                    2.9344428022014175
                ],
                [
                    0.9781476007338058,
                    -4.616566924692466e-17,
                    0.20791169081775945,
                    0.623735072453278
                ],
                [
                    0.0,
                    1.0000000000000002,
                    2.2204460492503136e-16,
                    0.0
                ],
                [
                    0.0,
                    0.0,
                    0.0,
                    1.0
                ]
            ]
        },
        {
            "file_path": "./images/chair_0_2.png",
            "depth_path": "./images/chair_depth_0_2.png",
            "transform_matrix": [
                [
                    -0.4067366430758003,
                    -2.0284784022330826e-16,
                    0.913545457642601,
                    2.740636372927803
                ],
                [
                    0.913545457642601,
                    -9.031367722029955e-17,
                    0.4067366430758003,
                    1.2202099292274007
                ],
                [
                    0.0,
                    1.0000000000000002,
                    2.2204460492503136e-16,
                    0.0
                ],
                [
                    0.0,
                    0.0,
                    0.0,
                    1.0
                ]
            ]
        },
        {
            "file_path": "./images/chair_0_3.png",
            "depth_path": "./images/chair_depth_0_3.png",
            "transform_matrix": [
                [
                    -0.5877852522924734,
                    -1.796378588936215e-16,
                    0.8090169943749476,
                    2.427050983124843
                ],
                [
                    0.8090169943749476,
                    -1.305145441260421e-16,
                    0.5877852522924734,
                    1.7633557568774196
                ],
                [
                    0.0,
                    1.0000000000000002,
                    2.2204460492503136e-16,
                    0.0
                ],
                [
                    0.0,
                    0.0,
                    0.0,
                    1.0
                ]
            ]
        },
        {
            "file_path": "./images/chair_0_4.png",
            "depth_path": "./images/chair_depth_0_4.png",
            "transform_matrix": [
                [
                    -0.7431448254773944,
                    -1.4857684113219934e-16,
                    0.6691306063588583,
                    2.007391819076575
                ],
                [
                    0.6691306063588583,
                    -1.6501129917520937e-16,
                    0.7431448254773944,
                    2.229434476432183
                ],
                [
                    0.0,
                    1.0,
                    2.220446049250313e-16,
                    0.0
                ],
                [
                    0.0,
                    0.0,
                    0.0,
                    1.0
                ]
            ]
        },
        {
            "file_path": "./images/chair_0_5.png",
            "depth_path": "./images/chair_depth_0_5.png",
            "transform_matrix": [
                [
                    -0.8660254037844386,
                    -1.1102230246251568e-16,
                    0.5000000000000001,
                    1.5000000000000007
                ],
                [
                    0.5000000000000001,
                    -1.9229626863835638e-16,
                    0.8660254037844386,
                    2.598076211353316
                ],
                [
                    0.0,
                    1.0,
                    2.220446049250313e-16,
                    0.0
                ],
                [
                    0.0,
                    0.0,
                    0.0,
                    1.0
                ]
            ]
        },
        {
            "file_path": "./images/chair_0_6.png",
            "depth_path": "./images/chair_depth_0_6.png",
            "transform_matrix": [
                [
                    -0.9510565162951538,
                    -6.86155564311058e-17,
                    0.30901699437494734,
                    0.9270509831248424
                ],
                [
                    0.30901699437494734,
                    -2.1117696842213402e-16,
                    0.9510565162951538,
                    2.853169548885461
                ],
                [
                    0.0,
                    1.0,
                    2.220446049250313e-16,
                    0.0
                ],
                [
                    0.0,
                    0.0,
                    0.0,
                    1.0
                ]
            ]
        },
        {
            "file_path": "./images/chair_0_7.png",
            "depth_path": "./images/chair_depth_0_7.png",
            "transform_matrix": [
                [
                    -0.9945218953682734,
                    -2.3209981329686802e-17,
                    0.10452846326765365,
                    0.31358538980296125
                ],
                [
                    0.10452846326765365,
                    -2.208282213463416e-16,
                    0.9945218953682734,
                    2.98356568610482
                ],
                [
                    0.0,
                    1.0,
                    2.220446049250313e-16,
                    0.0
                ],
                [
                    0.0,
                    0.0,
                    0.0,
                    1.0
                ]
            ]
        },
        {
            "file_path": "./images/chair_0_8.png",
            "depth_path": "./images/chair_depth_0_8.png",
            "transform_matrix": [
                [
                    -0.9945218953682735,
                    2.3209981329686747e-17,
                    -0.1045284632676534,
                    -0.3135853898029599
                ],
                [
                    -0.1045284632676534,
                    -2.2082822134634162e-16,
                    0.9945218953682735,
                    2.9835656861048205
                ],
                [
                    0.0,
                    1.0000000000000002,
                    2.2204460492503136e-16,
                    0.0
                ],
                [
                    0.0,
                    0.0,
                    0.0,
                    1.0
                ]
            ]
        },
        {
            "file_path": "./images/chair_0_9.png",
            "depth_path": "./images/chair_depth_0_9.png",
            "transform_matrix": [
                [
                    -0.9510565162951535,
                    6.861555643110585e-17,
                    -0.30901699437494756,
                    -0.9270509831248424
                ],
                [
                    -0.30901699437494756,
                    -2.1117696842213397e-16,
                    0.9510565162951535,
                    2.853169548885461
                ],
                [
                    0.0,
                    1.0,
                    2.220446049250313e-16,
                    0.0
                ],
                [
                    0.0,
                    0.0,
                    0.0,
                    1.0
                ]
            ]
        },
        {
            "file_path": "./images/chair_0_10.png",
            "depth_path": "./images/chair_depth_0_10.png",
            "transform_matrix": [
                [
                    -0.8660254037844388,
                    1.1102230246251562e-16,
                    -0.49999999999999983,
                    -1.4999999999999993
                ],
                [
                    -0.49999999999999983,
                    -1.9229626863835643e-16,
                    0.8660254037844388,
                    2.5980762113533165
                ],
                [
                    0.0,
                    1.0,
                    2.220446049250313e-16,
                    0.0
                ],
                [
                    0.0,
                    0.0,
                    0.0,
                    1.0
                ]
            ]
        },
        {
            "file_path": "./images/chair_0_11.png",
            "depth_path": "./images/chair_depth_0_11.png",
            "transform_matrix": [
                [
                    -0.7431448254773945,
                    1.4857684113219927e-16,
                    -0.669130606358858,
                    -2.007391819076574
                ],
                [
                    -0.669130606358858,
                    -1.650112991752094e-16,
                    0.7431448254773945,
                    2.2294344764321834
                ],
                [
                    0.0,
                    1.0,
                    2.220446049250313e-16,
                    0.0
                ],
                [
                    0.0,
                    0.0,
                    0.0,
                    1.0
                ]
            ]
        },
        {
            "file_path": "./images/chair_0_12.png",
            "depth_path": "./images/chair_depth_0_12.png",
            "transform_matrix": [
                [
                    -0.5877852522924732,
                    1.7963785889362148e-16,
                    -0.8090169943749475,
                    -2.4270509831248424
                ],
                [
                    -0.8090169943749475,
                    -1.3051454412604208e-16,
                    0.5877852522924732,
                    1.76335575687742
                ],
                [
                    0.0,
                    1.0000000000000002,
                    2.2204460492503136e-16,
                    0.0
                ],
                [
                    0.0,
                    0.0,
                    0.0,
                    1.0
                ]
            ]
        },
        {
            "file_path": "./images/chair_0_13.png",
            "depth_path": "./images/chair_depth_0_13.png",
            "transform_matrix": [
                [
                    -0.4067366430758003,
                    2.0284784022330823e-16,
                    -0.9135454576426009,
                    -2.7406363729278023
                ],
                [
                    -0.9135454576426009,
                    -9.031367722029955e-17,
                    0.4067366430758003,
                    1.2202099292274013
                ],
                [
                    0.0,
                    1.0,
                    2.220446049250313e-16,
                    0.0
                ],
                [
                    0.0,
                    0.0,
                    0.0,
                    1.0
                ]
            ]
        },
        {
            "file_path": "./images/chair_0_14.png",
            "depth_path": "./images/chair_depth_0_14.png",
            "transform_matrix": [
                [
                    -0.20791169081775962,
                    2.171923975633051e-16,
                    -0.9781476007338055,
                    -2.934442802201416
                ],
                [
                    -0.9781476007338055,
                    -4.6165669246924694e-17,
                    0.20791169081775962,
                    0.6237350724532792
                ],
                [
                    0.0,
                    1.0,
                    2.220446049250313e-16,
                    0.0
                ],
                [
                    0.0,
                    0.0,
                    0.0,
                    1.0
                ]
            ]
        },
        {
            "file_path": "./images/chair_0_15.png",
            "depth_path": "./images/chair_depth_0_15.png",
            "transform_matrix": [
                [
                    -2.2884754904439333e-17,
                    2.220446049250313e-16,
                    -1.0,
                    -3.0
                ],
                [
                    -1.0,
                    -5.0814363615624044e-33,
                    2.2884754904439333e-17,
                    3.6739403974420594e-16
                ],
                [
                    0.0,
                    1.0,
                    2.220446049250313e-16,
                    0.0
                ],
                [
                    0.0,
                    0.0,
                    0.0,
                    1.0
                ]
            ]
        },
        {
            "file_path": "./images/chair_0_16.png",
            "depth_path": "./images/chair_depth_0_16.png",
            "transform_matrix": [
                [
                    0.20791169081775918,
                    2.1719239756330517e-16,
                    -0.9781476007338058,
                    -2.9344428022014175
                ],
                [
                    -0.9781476007338058,
                    4.6165669246924596e-17,
                    -0.20791169081775918,
                    -0.6237350724532772
                ],
                [
                    0.0,
                    1.0,
                    2.220446049250313e-16,
                    0.0
                ],
                [
                    0.0,
                    0.0,
                    0.0,
                    1.0
                ]
            ]
        },
        {
            "file_path": "./images/chair_0_17.png",
            "depth_path": "./images/chair_depth_0_17.png",
            "transform_matrix": [
                [
                    0.40673664307579993,
                    2.0284784022330826e-16,
                    -0.913545457642601,
                    -2.740636372927803
                ],
                [
                    -0.913545457642601,
                    9.031367722029947e-17,
                    -0.40673664307579993,
                    -1.2202099292273996
                ],
                [
                    0.0,
                    1.0,
                    2.220446049250313e-16,
                    0.0
                ],
                [
                    0.0,
                    0.0,
                    0.0,
                    1.0
                ]
            ]
        },
        {
            "file_path": "./images/chair_0_18.png",
            "depth_path": "./images/chair_depth_0_18.png",
            "transform_matrix": [
                [
                    0.5877852522924731,
                    1.796378588936215e-16,
                    -0.8090169943749476,
                    -2.427050983124843
                ],
                [
                    -0.8090169943749476,
                    1.3051454412604205e-16,
                    -0.5877852522924731,
                    -1.7633557568774192
                ],
                [
                    0.0,
                    1.0,
                    2.220446049250313e-16,
                    0.0
                ],
                [
                    0.0,
                    0.0,
                    0.0,
                    1.0
                ]
            ]
        },
        {
            "file_path": "./images/chair_0_19.png",
            "depth_path": "./images/chair_depth_0_19.png",
            "transform_matrix": [
                [
                    0.743144825477394,
                    1.4857684113219937e-16,
                    -0.6691306063588585,
                    -2.0073918190765756
                ],
                [
                    -0.6691306063588585,
                    1.650112991752093e-16,
                    -0.743144825477394,
                    -2.229434476432182
                ],
                [
                    0.0,
                    1.0,
                    2.220446049250313e-16,
                    0.0
                ],
                [
                    0.0,
                    0.0,
                    0.0,
                    1.0
                ]
            ]
        },
        {
            "file_path": "./images/chair_0_20.png",
            "depth_path": "./images/chair_depth_0_20.png",
            "transform_matrix": [
                [
                    0.8660254037844385,
                    1.1102230246251573e-16,
                    -0.5000000000000003,
                    -1.5000000000000013
                ],
                [
                    -0.5000000000000003,
                    1.9229626863835636e-16,
                    -0.8660254037844385,
                    -2.5980762113533156
                ],
                [
                    0.0,
                    1.0000000000000002,
                    2.2204460492503136e-16,
                    0.0
                ],
                [
                    0.0,
                    0.0,
                    0.0,
                    1.0
                ]
            ]
        },
        {
            "file_path": "./images/chair_0_21.png",
            "depth_path": "./images/chair_depth_0_21.png",
            "transform_matrix": [
                [
                    0.9510565162951539,
                    6.861555643110585e-17,
                    -0.30901699437494756,
                    -0.927050983124843
                ],
                [
                    -0.30901699437494756,
                    2.1117696842213404e-16,
                    -0.9510565162951539,
                    -2.8531695488854614
                ],
                [
                    0.0,
                    1.0000000000000002,
                    2.2204460492503136e-16,
                    0.0
                ],
                [
                    0.0,
                    0.0,
                    0.0,
                    1.0
                ]
            ]
        },
        {
            "file_path": "./images/chair_0_22.png",
            "depth_path": "./images/chair_depth_0_22.png",
            "transform_matrix": [
                [
                    0.9945218953682732,
                    2.3209981329686913e-17,
                    -0.10452846326765415,
                    -0.31358538980296274
                ],
                [
                    -0.10452846326765415,
                    2.2082822134634154e-16,
                    -0.9945218953682732,
                    -2.9835656861048196
                ],
                [
                    0.0,
                    1.0,
                    2.220446049250313e-16,
                    0.0
                ],
                [
                    0.0,
                    0.0,
                    0.0,
                    1.0
                ]
            ]
        },
        {
            "file_path": "./images/chair_0_23.png",
            "depth_path": "./images/chair_depth_0_23.png",
            "transform_matrix": [
                [
                    0.9945218953682735,
                    -2.3209981329686673e-17,
                    0.10452846326765307,
                    0.3135853898029589
                ],
                [
                    0.10452846326765307,
                    2.2082822134634162e-16,
                    -0.9945218953682735,
                    -2.9835656861048205
                ],
                [
                    0.0,
                    1.0,
                    2.220446049250313e-16,
                    0.0
                ],
                [
                    0.0,
                    0.0,
                    0.0,
                    1.0
                ]
            ]
        },
        {
            "file_path": "./images/chair_0_24.png",
            "depth_path": "./images/chair_depth_0_24.png",
            "transform_matrix": [
                [
                    0.9510565162951535,
                    -6.861555643110579e-17,
                    0.3090169943749473,
                    0.9270509831248415
                ],
                [
                    0.3090169943749473,
                    2.1117696842213397e-16,
                    -0.9510565162951535,
                    -2.853169548885461
                ],
                [
                    0.0,
                    1.0,
                    2.220446049250313e-16,
                    0.0
                ],
                [
                    0.0,
                    0.0,
                    0.0,
                    1.0
                ]
            ]
        },
        {
            "file_path": "./images/chair_0_25.png",
            "depth_path": "./images/chair_depth_0_25.png",
            "transform_matrix": [
                [
                    0.866025403784439,
                    -1.1102230246251552e-16,
                    0.4999999999999994,
                    1.499999999999998
                ],
                [
                    0.4999999999999994,
                    1.9229626863835648e-16,
                    -0.866025403784439,
                    -2.598076211353317
                ],
                [
                    0.0,
                    1.0,
                    2.220446049250313e-16,
                    0.0
                ],
                [
                    0.0,
                    0.0,
                    0.0,
                    1.0
                ]
            ]
        },
        {
            "file_path": "./images/chair_0_26.png",
            "depth_path": "./images/chair_depth_0_26.png",
            "transform_matrix": [
                [
                    0.7431448254773946,
                    -1.4857684113219922e-16,
                    0.6691306063588578,
                    2.0073918190765734
                ],
                [
                    0.6691306063588578,
                    1.6501129917520942e-16,
                    -0.7431448254773946,
                    -2.229434476432184
                ],
                [
                    0.0,
                    1.0,
                    2.220446049250313e-16,
                    0.0
                ],
                [
                    0.0,
                    0.0,
                    0.0,
                    1.0
                ]
            ]
        },
        {
            "file_path": "./images/chair_0_27.png",
            "depth_path": "./images/chair_depth_0_27.png",
            "transform_matrix": [
                [
                    0.5877852522924731,
                    -1.7963785889362143e-16,
                    0.8090169943749472,
                    2.4270509831248415
                ],
                [
                    0.8090169943749472,
                    1.3051454412604205e-16,
                    -0.5877852522924731,
                    -1.7633557568774196
                ],
                [
                    0.0,
                    1.0,
                    2.220446049250313e-16,
                    0.0
                ],
                [
                    0.0,
                    0.0,
                    0.0,
                    1.0
                ]
            ]
        },
        {
            "file_path": "./images/chair_0_28.png",
            "depth_path": "./images/chair_depth_0_28.png",
            "transform_matrix": [
                [
                    0.4067366430758008,
                    -2.028478402233082e-16,
                    0.9135454576426008,
                    2.740636372927802
                ],
                [
                    0.9135454576426008,
                    9.031367722029966e-17,
                    -0.4067366430758008,
                    -1.2202099292274027
                ],
                [
                    0.0,
                    1.0,
                    2.220446049250313e-16,
                    0.0
                ],
                [
                    0.0,
                    0.0,
                    0.0,
                    1.0
                ]
            ]
        },
        {
            "file_path": "./images/chair_0_29.png",
            "depth_path": "./images/chair_depth_0_29.png",
            "transform_matrix": [
                [
                    0.20791169081775973,
                    -2.171923975633051e-16,
                    0.9781476007338055,
                    2.934442802201416
                ],
                [
                    0.9781476007338055,
                    4.616566924692472e-17,
                    -0.20791169081775973,
                    -0.6237350724532795
                ],
                [
                    0.0,
                    1.0,
                    2.220446049250313e-16,
                    0.0
                ],
                [
                    0.0,
                    0.0,
                    0.0,
                    1.0
                ]
            ]
        },
        {
            "file_path": "./images/chair_1_0.png",
            "depth_path": "./images/chair_depth_1_0.png",
            "transform_matrix": [
                [
                    -9.470613657322473e-17,
                    -0.3090169943749477,
                    0.9510565162951535,
                    2.853169548885461
                ],
                [
                    1.0,
                    -2.2111185107375417e-32,
                    9.957992501029599e-17,
                    0.0
                ],
                [
                    -3.0771889126764323e-17,
                    0.9510565162951535,
                    0.3090169943749477,
                    0.9270509831248424
                ],
                [
                    0.0,
                    0.0,
                    0.0,
                    1.0
                ]
            ]
        },
        {
            "file_path": "./images/chair_1_1.png",
            "depth_path": "./images/chair_depth_1_1.png",
            "transform_matrix": [
                [
                    -0.20791169081775943,
                    -0.30226423163382704,
                    0.930273649576356,
                    2.7908209487290687
                ],
                [
                    0.9781476007338058,
                    -0.06424824579191739,
                    0.19773576836617338,
                    0.5932073050985198
                ],
                [
                    -3.077188912676433e-17,
                    0.9510565162951538,
                    0.30901699437494773,
                    0.9270509831248426
                ],
                [
                    0.0,
                    0.0,
                    0.0,
                    1.0
                ]
            ]
        },
        {
            "file_path": "./images/chair_1_2.png",
            "depth_path": "./images/chair_depth_1_2.png",
            "transform_matrix": [
                [
                    -0.40673664307580026,
                    -0.28230107154560263,
                    0.8688333604228338,
                    2.606500081268502
                ],
                [
                    0.913545457642601,
                    -0.12568853494543963,
                    0.38682953481325594,
                    1.1604886044397675
                ],
                [
                    -3.077188912676433e-17,
                    0.9510565162951538,
                    0.30901699437494773,
                    0.9270509831248426
                ],
                [
                    0.0,
                    0.0,
                    0.0,
                    1.0
                ]
            ]
        },
        {
            "file_path": "./images/chair_1_3.png",
            "depth_path": "./images/chair_depth_1_3.png",
            "transform_matrix": [
                [
                    -0.5877852522924734,
                    -0.2500000000000002,
                    0.7694208842938134,
                    2.3082626528814405
                ],
                [
                    0.8090169943749476,
                    -0.1816356320013404,
                    0.5590169943749477,
                    1.6770509831248428
                ],
                [
                    -3.077188912676433e-17,
                    0.9510565162951538,
                    0.30901699437494773,
                    0.9270509831248426
                ],
                [
                    0.0,
                    0.0,
                    0.0,
                    1.0
                ]
            ]
        },
        {
            "file_path": "./images/chair_1_4.png",
            "depth_path": "./images/chair_depth_1_4.png",
            "transform_matrix": [
                [
                    -0.7431448254773944,
                    -0.20677272882130066,
                    0.6363810234301196,
                    1.909143070290359
                ],
                [
                    0.6691306063588583,
                    -0.22964438035431944,
                    0.7067727288213006,
                    2.120318186463902
                ],
                [
                    -3.0771889126764323e-17,
                    0.9510565162951535,
                    0.3090169943749477,
                    0.9270509831248424
                ],
                [
                    0.0,
                    0.0,
                    0.0,
                    1.0
                ]
            ]
        },
        {
            "file_path": "./images/chair_1_5.png",
            "depth_path": "./images/chair_depth_1_5.png",
            "transform_matrix": [
                [
                    -0.8660254037844386,
                    -0.1545084971874739,
                    0.47552825814757693,
                    1.4265847744427311
                ],
                [
                    0.5000000000000001,
                    -0.26761656732981765,
                    0.8236391035463319,
                    2.470917310638996
                ],
                [
                    -3.0771889126764323e-17,
                    0.9510565162951535,
                    0.3090169943749477,
                    0.9270509831248424
                ],
                [
                    0.0,
                    0.0,
                    0.0,
                    1.0
                ]
            ]
        },
        {
            "file_path": "./images/chair_1_6.png",
            "depth_path": "./images/chair_depth_1_6.png",
            "transform_matrix": [
                [
                    -0.9510565162951538,
                    -0.09549150281252637,
                    0.2938926261462365,
                    0.8816778784387098
                ],
                [
                    0.30901699437494734,
                    -0.29389262614623685,
                    0.9045084971874738,
                    2.7135254915624216
                ],
                [
                    -3.0771889126764323e-17,
                    0.9510565162951535,
                    0.3090169943749477,
                    0.9270509831248424
                ],
                [
                    0.0,
                    0.0,
                    0.0,
                    1.0
                ]
            ]
        },
        {
            "file_path": "./images/chair_1_7.png",
            "depth_path": "./images/chair_depth_1_7.png",
            "transform_matrix": [
                [
                    -0.9945218953682734,
                    -0.03230107154560248,
                    0.0994124761290206,
                    0.29823742838706213
                ],
                [
                    0.10452846326765365,
                    -0.30732416694678005,
                    0.9458465291882033,
                    2.8375395875646103
                ],
                [
                    -3.0771889126764323e-17,
                    0.9510565162951535,
                    0.3090169943749477,
                    0.9270509831248424
                ],
                [
                    0.0,
                    0.0,
                    0.0,
                    1.0
                ]
            ]
        },
        {
            "file_path": "./images/chair_1_8.png",
            "depth_path": "./images/chair_depth_1_8.png",
            "transform_matrix": [
                [
                    -0.9945218953682735,
                    0.03230107154560234,
                    -0.09941247612902036,
                    -0.29823742838706085
                ],
                [
                    -0.1045284632676534,
                    -0.30732416694678005,
                    0.9458465291882034,
                    2.8375395875646103
                ],
                [
                    -3.077188912676433e-17,
                    0.9510565162951538,
                    0.30901699437494773,
                    0.9270509831248426
                ],
                [
                    0.0,
                    0.0,
                    0.0,
                    1.0
                ]
            ]
        },
        {
            "file_path": "./images/chair_1_9.png",
            "depth_path": "./images/chair_depth_1_9.png",
            "transform_matrix": [
                [
                    -0.9510565162951535,
                    0.09549150281252637,
                    -0.29389262614623674,
                    -0.8816778784387098
                ],
                [
                    -0.30901699437494756,
                    -0.29389262614623685,
                    0.9045084971874736,
                    2.7135254915624216
                ],
                [
                    -3.0771889126764323e-17,
                    0.9510565162951535,
                    0.3090169943749477,
                    0.9270509831248424
                ],
                [
                    0.0,
                    0.0,
                    0.0,
                    1.0
                ]
            ]
        },
        {
            "file_path": "./images/chair_1_10.png",
            "depth_path": "./images/chair_depth_1_10.png",
            "transform_matrix": [
                [
                    -0.8660254037844388,
                    0.15450849718747378,
                    -0.4755282581475766,
                    -1.4265847744427298
                ],
                [
                    -0.49999999999999983,
                    -0.2676165673298177,
                    0.8236391035463321,
                    2.4709173106389963
                ],
                [
                    -3.0771889126764323e-17,
                    0.9510565162951535,
                    0.3090169943749477,
                    0.9270509831248424
                ],
                [
                    0.0,
                    0.0,
                    0.0,
                    1.0
                ]
            ]
        },
        {
            "file_path": "./images/chair_1_11.png",
            "depth_path": "./images/chair_depth_1_11.png",
            "transform_matrix": [
                [
                    -0.7431448254773945,
                    0.20677272882130054,
                    -0.6363810234301193,
                    -1.9091430702903578
                ],
                [
                    -0.669130606358858,
                    -0.22964438035431947,
                    0.7067727288213007,
                    2.1203181864639022
                ],
                [
                    -3.0771889126764323e-17,
                    0.9510565162951535,
                    0.3090169943749477,
                    0.9270509831248424
                ],
                [
                    0.0,
                    0.0,
                    0.0,
                    1.0
                ]
            ]
        },
        {
            "file_path": "./images/chair_1_12.png",
            "depth_path": "./images/chair_depth_1_12.png",
            "transform_matrix": [
                [
                    -0.5877852522924732,
                    0.2500000000000002,
                    -0.7694208842938133,
                    -2.3082626528814405
                ],
                [
                    -0.8090169943749475,
                    -0.18163563200134042,
                    0.5590169943749476,
                    1.677050983124843
                ],
                [
                    -3.077188912676433e-17,
                    0.9510565162951538,
                    0.30901699437494773,
                    0.9270509831248426
                ],
                [
                    0.0,
                    0.0,
                    0.0,
                    1.0
                ]
            ]
        },
        {
            "file_path": "./images/chair_1_13.png",
            "depth_path": "./images/chair_depth_1_13.png",
            "transform_matrix": [
                [
                    -0.4067366430758004,
                    0.2823010715456025,
                    -0.8688333604228338,
                    -2.6065000812685013
                ],
                [
                    -0.9135454576426009,
                    -0.12568853494543972,
                    0.38682953481325594,
                    1.1604886044397682
                ],
                [
                    -3.0771889126764323e-17,
                    0.9510565162951535,
                    0.3090169943749477,
                    0.9270509831248424
                ],
                [
                    0.0,
                    0.0,
                    0.0,
                    1.0
                ]
            ]
        },
        {
            "file_path": "./images/chair_1_14.png",
            "depth_path": "./images/chair_depth_1_14.png",
            "transform_matrix": [
                [
                    -0.20791169081775965,
                    0.30226423163382693,
                    -0.9302736495763558,
                    -2.790820948729068
                ],
                [
                    -0.9781476007338055,
                    -0.06424824579191751,
                    0.19773576836617351,
                    0.5932073050985209
                ],
                [
                    -3.0771889126764323e-17,
                    0.9510565162951535,
                    0.3090169943749477,
