{
    "w": 800,
    "h": 800,
    "aabb_scale": 64,
    "fl_x": 400,
    "k1": 0,
    "p1": 0,
    "fl_y": 400,
    "k2": 0,
    "p2": 0,
    "cx": 400,
    "cy": 400,
    "camera_angle_x": 1.5707963267948966,
    "camera_angle_y": 1.5707963267948966,
    "enable_depth_loading": false,
    "integer_depth_scale": 255,
    "frames": [
        {
            "file_path": "./images/chair_0_0.png",
            "depth_path": "./images/chair_depth_0_0.png",
            "transform_matrix": [
                [
                    -1.0,
                    -2.719262146893782e-32,
                    1.2246467991473532e-16,
                    0.0
                ],
                [
                    1.2246467991473532e-16,
                    -2.220446049250313e-16,
                    1.0,
                    125.0
                ],
                [
                    0.0,
                    1.0,
                    2.220446049250313e-16,
                    0.0
                ],
                [
                    0.0,
                    0.0,
                    0.0,
                    1.0
                ]
            ]
        },
        {
            "file_path": "./images/chair_0_1.png",
            "depth_path": "./images/chair_depth_0_1.png",
            "transform_matrix": [
                [
                    -0.9685831611286312,
                    5.522024774437078e-17,
                    -0.2486898871648547,
                    -31.08623589560685
                ],
                [
                    -0.2486898871648547,
                    -2.1506866534984485e-16,
                    0.9685831611286312,
                    121.0728951410789
                ],
                [
                    0.0,
                    1.0,
                    2.220446049250313e-16,
                    0.0
                ],
                [
                    0.0,
                    0.0,
                    0.0,
                    1.0
                ]
            ]
        },
        {
            "file_path": "./images/chair_0_2.png",
            "depth_path": "./images/chair_depth_0_2.png",
            "transform_matrix": [
                [
                    -0.8763066800438636,
                    1.0697080423709763e-16,
                    -0.48175367410171516,
                    -60.21920926271441
                ],
                [
                    -0.48175367410171516,
                    -1.945791705635055e-16,
                    0.8763066800438636,
                    109.53833500548294
                ],
                [
                    0.0,
                    1.0,
                    2.220446049250313e-16,
                    0.0
                ],
                [
                    0.0,
                    0.0,
                    0.0,
                    1.0
                ]
            ]
        },
        {
            "file_path": "./images/chair_0_3.png",
            "depth_path": "./images/chair_depth_0_3.png",
            "transform_matrix": [
                [
                    -0.7289686274214117,
                    1.5199999168850925e-16,
                    -0.6845471059286887,
                    -85.56838824108611
                ],
                [
                    -0.6845471059286887,
                    -1.618635508785297e-16,
                    0.7289686274214117,
                    91.12107842767644
                ],
                [
                    0.0,
                    1.0000000000000002,
                    2.2204460492503136e-16,
                    0.0
                ],
                [
                    0.0,
                    0.0,
                    0.0,
                    1.0
                ]
            ]
        },
        {
            "file_path": "./images/chair_0_4.png",
            "depth_path": "./images/chair_depth_0_4.png",
            "transform_matrix": [
                [
                    -0.5358267949789967,
                    1.874784606452662e-16,
                    -0.8443279255020151,
                    -105.5409906877519
                ],
                [
                    -0.8443279255020151,
                    -1.1897744899935706e-16,
                    0.5358267949789967,
                    66.97834937237457
                ],
                [
                    0.0,
                    1.0,
                    2.220446049250313e-16,
                    0.0
                ],
                [
                    0.0,
                    0.0,
                    0.0,
                    1.0
                ]
            ]
        },
        {
            "file_path": "./images/chair_0_5.png",
            "depth_path": "./images/chair_depth_0_5.png",
            "transform_matrix": [
                [
                    -0.30901699437494756,
                    2.11176968422134e-16,
                    -0.9510565162951536,
                    -118.8820645368942
                ],
                [
                    -0.9510565162951536,
                    -6.861555643110585e-17,
                    0.30901699437494756,
                    38.62712429686843
                ],
                [
                    0.0,
                    1.0,
                    2.220446049250313e-16,
                    0.0
                ],
                [
                    0.0,
                    0.0,
                    0.0,
                    1.0
                ]
            ]
        },
        {
            "file_path": "./images/chair_0_6.png",
            "depth_path": "./images/chair_depth_0_6.png",
            "transform_matrix": [
                [
                    -0.06279051952931348,
                    2.216064506184771e-16,
                    -0.9980267284282717,
                    -124.75334105353396
                ],
                [
                    -0.9980267284282717,
                    -1.3942296101923876e-17,
                    0.06279051952931348,
                    7.84881494116417
                ],
                [
                    0.0,
                    1.0,
                    2.220446049250313e-16,
                    0.0
                ],
                [
                    0.0,
                    0.0,
                    0.0,
                    1.0
                ]
            ]
        },
        {
            "file_path": "./images/chair_0_7.png",
            "depth_path": "./images/chair_depth_0_7.png",
            "transform_matrix": [
                [
                    0.18738131458572466,
                    2.181115845109469e-16,
                    -0.9822872507286889,
                    -122.78590634108612
                ],
                [
                    -0.9822872507286889,
                    4.160700996752024e-17,
                    -0.18738131458572466,
                    -23.422664323215596
                ],
                [
                    0.0,
                    1.0000000000000002,
                    2.2204460492503136e-16,
                    0.0
                ],
                [
                    0.0,
                    0.0,
                    0.0,
                    1.0
                ]
            ]
        },
        {
            "file_path": "./images/chair_0_8.png",
            "depth_path": "./images/chair_depth_0_8.png",
            "transform_matrix": [
                [
                    0.4257792915650726,
                    2.0091196539029784e-16,
                    -0.9048270524660194,
                    -113.10338155825242
                ],
                [
                    -0.9048270524660194,
                    9.454199458082626e-17,
                    -0.4257792915650726,
                    -53.22241144563409
                ],
                [
                    0.0,
                    1.0,
                    2.220446049250313e-16,
                    0.0
                ],
                [
                    0.0,
                    0.0,
                    0.0,
                    1.0
                ]
            ]
        },
        {
            "file_path": "./images/chair_0_9.png",
            "depth_path": "./images/chair_depth_0_9.png",
            "transform_matrix": [
                [
                    0.6374239897486897,
                    1.7108830858165488e-16,
                    -0.7705132427757894,
                    -96.31415534697366
                ],
                [
                    -0.7705132427757894,
                    1.4153655797348502e-16,
                    -0.6374239897486897,
                    -79.67799871858624
                ],
                [
                    0.0,
                    1.0000000000000002,
                    2.2204460492503136e-16,
                    0.0
                ],
                [
                    0.0,
                    0.0,
                    0.0,
                    1.0
                ]
            ]
        },
        {
            "file_path": "./images/chair_0_10.png",
            "depth_path": "./images/chair_depth_0_10.png",
            "transform_matrix": [
                [
                    0.8090169943749473,
                    1.3051454412604212e-16,
                    -0.5877852522924735,
                    -73.47315653655917
                ],
                [
                    -0.5877852522924735,
                    1.7963785889362146e-16,
                    -0.8090169943749473,
                    -101.12712429686843
                ],
                [
                    0.0,
                    1.0000000000000002,
                    2.2204460492503136e-16,
                    0.0
                ],
                [
                    0.0,
                    0.0,
                    0.0,
                    1.0
                ]
            ]
        },
        {
            "file_path": "./images/chair_0_11.png",
            "depth_path": "./images/chair_depth_0_11.png",
            "transform_matrix": [
                [
                    0.9297764858882516,
                    8.174007086407317e-17,
                    -0.36812455268467786,
                    -46.01556908558472
                ],
                [
                    -0.36812455268467786,
                    2.0645185247764077e-16,
                    -0.9297764858882516,
                    -116.22206073603145
                ],
                [
                    0.0,
                    1.0,
                    2.220446049250313e-16,
                    0.0
                ],
                [
                    0.0,
                    0.0,
                    0.0,
                    1.0
                ]
            ]
        },
        {
            "file_path": "./images/chair_0_12.png",
            "depth_path": "./images/chair_depth_0_12.png",
            "transform_matrix": [
                [
                    0.9921147013144778,
                    2.78295683307626e-17,
                    -0.1253332335643042,
                    -15.666654195538012
                ],
                [
                    -0.1253332335643042,
                    2.2029371689368865e-16,
                    -0.9921147013144778,
                    -124.01433766430972
                ],
                [
                    0.0,
                    1.0,
                    2.220446049250313e-16,
                    0.0
                ],
                [
                    0.0,
                    0.0,
                    0.0,
                    1.0
                ]
            ]
        },
        {
            "file_path": "./images/chair_0_13.png",
            "depth_path": "./images/chair_depth_0_13.png",
            "transform_matrix": [
                [
                    0.9921147013144778,
                    -2.7829568330762594e-17,
                    0.12533323356430418,
                    15.666654195538035
                ],
                [
                    0.12533323356430418,
                    2.2029371689368865e-16,
                    -0.9921147013144778,
                    -124.01433766430972
                ],
                [
                    0.0,
                    1.0,
                    2.220446049250313e-16,
                    0.0
                ],
                [
                    0.0,
                    0.0,
                    0.0,
                    1.0
                ]
            ]
        },
        {
            "file_path": "./images/chair_0_14.png",
            "depth_path": "./images/chair_depth_0_14.png",
            "transform_matrix": [
                [
                    0.9297764858882513,
                    -8.174007086407327e-17,
                    0.3681245526846783,
                    46.0155690855848
                ],
                [
                    0.3681245526846783,
                    2.0645185247764072e-16,
                    -0.9297764858882513,
                    -116.22206073603142
                ],
                [
                    0.0,
                    1.0000000000000002,
                    2.2204460492503136e-16,
                    0.0
                ],
                [
                    0.0,
                    0.0,
                    0.0,
                    1.0
                ]
            ]
        },
        {
            "file_path": "./images/chair_0_15.png",
            "depth_path": "./images/chair_depth_0_15.png",
            "transform_matrix": [
                [
                    0.8090169943749473,
                    -1.3051454412604208e-16,
                    0.5877852522924732,
                    73.47315653655917
                ],
                [
                    0.5877852522924732,
                    1.7963785889362146e-16,
                    -0.8090169943749473,
                    -101.1271242968684
                ],
                [
                    0.0,
                    1.0,
                    2.220446049250313e-16,
                    0.0
                ],
                [
                    0.0,
                    0.0,
                    0.0,
                    1.0
                ]
            ]
        },
        {
            "file_path": "./images/chair_0_16.png",
            "depth_path": "./images/chair_depth_0_16.png",
            "transform_matrix": [
                [
                    0.6374239897486896,
                    -1.7108830858165483e-16,
                    0.7705132427757891,
                    96.31415534697366
                ],
                [
                    0.7705132427757891,
                    1.41536557973485e-16,
                    -0.6374239897486896,
                    -79.6779987185862
                ],
                [
                    0.0,
                    1.0,
                    2.220446049250313e-16,
                    0.0
                ],
                [
                    0.0,
                    0.0,
                    0.0,
                    1.0
                ]
            ]
        },
        {
            "file_path": "./images/chair_0_17.png",
            "depth_path": "./images/chair_depth_0_17.png",
            "transform_matrix": [
                [
                    0.42577929156507227,
                    -2.0091196539029794e-16,
                    0.9048270524660198,
                    113.10338155825248
                ],
                [
                    0.9048270524660198,
                    9.454199458082619e-17,
                    -0.42577929156507227,
                    -53.22241144563402
                ],
                [
                    0.0,
                    1.0,
                    2.220446049250313e-16,
                    0.0
                ],
                [
                    0.0,
                    0.0,
                    0.0,
                    1.0
                ]
            ]
        },
        {
            "file_path": "./images/chair_0_18.png",
            "depth_path": "./images/chair_depth_0_18.png",
            "transform_matrix": [
                [
                    0.18738131458572466,
                    -2.1811158451094686e-16,
                    0.9822872507286887,
                    122.78590634108609
                ],
                [
                    0.9822872507286887,
                    4.160700996752024e-17,
                    -0.18738131458572466,
                    -23.422664323215567
                ],
                [
                    0.0,
                    1.0,
                    2.220446049250313e-16,
                    0.0
                ],
                [
                    0.0,
                    0.0,
                    0.0,
                    1.0
                ]
            ]
        },
        {
            "file_path": "./images/chair_0_19.png",
            "depth_path": "./images/chair_depth_0_19.png",
            "transform_matrix": [
                [
                    -0.06279051952931362,
                    -2.2160645061847707e-16,
                    0.9980267284282716,
                    124.75334105353394
                ],
                [
                    0.9980267284282716,
                    -1.3942296101923906e-17,
                    0.06279051952931362,
                    7.8488149411642185
                ],
                [
                    0.0,
                    1.0,
                    2.220446049250313e-16,
                    0.0
                ],
                [
                    0.0,
                    0.0,
                    0.0,
                    1.0
                ]
            ]
        },
        {
            "file_path": "./images/chair_0_20.png",
            "depth_path": "./images/chair_depth_0_20.png",
            "transform_matrix": [
                [
                    -0.30901699437494706,
                    -2.11176968422134e-16,
                    0.9510565162951536,
                    118.8820645368942
                ],
                [
                    0.9510565162951536,
                    -6.861555643110574e-17,
                    0.30901699437494706,
                    38.627124296868395
                ],
                [
                    0.0,
                    1.0,
                    2.220446049250313e-16,
                    0.0
                ],
                [
                    0.0,
                    0.0,
                    0.0,
                    1.0
                ]
            ]
        },
        {
            "file_path": "./images/chair_0_21.png",
            "depth_path": "./images/chair_depth_0_21.png",
            "transform_matrix": [
                [
                    -0.5358267949789967,
                    -1.8747846064526625e-16,
                    0.8443279255020153,
                    105.5409906877519
                ],
                [
                    0.8443279255020153,
                    -1.1897744899935706e-16,
                    0.5358267949789967,
                    66.9783493723746
                ],
                [
                    0.0,
                    1.0000000000000002,
                    2.2204460492503136e-16,
                    0.0
                ],
                [
                    0.0,
                    0.0,
                    0.0,
                    1.0
                ]
            ]
        },
        {
            "file_path": "./images/chair_0_22.png",
            "depth_path": "./images/chair_depth_0_22.png",
            "transform_matrix": [
                [
                    -0.7289686274214117,
                    -1.5199999168850917e-16,
                    0.6845471059286884,
                    85.56838824108604
                ],
                [
                    0.6845471059286884,
                    -1.618635508785297e-16,
                    0.7289686274214117,
                    91.12107842767647
                ],
                [
                    0.0,
                    1.0,
                    2.220446049250313e-16,
                    0.0
                ],
                [
                    0.0,
                    0.0,
                    0.0,
                    1.0
                ]
            ]
        },
        {
            "file_path": "./images/chair_0_23.png",
            "depth_path": "./images/chair_depth_0_23.png",
            "transform_matrix": [
                [
                    -0.8763066800438634,
                    -1.0697080423709769e-16,
                    0.48175367410171543,
                    60.219209262714415
                ],
                [
                    0.48175367410171543,
                    -1.9457917056350546e-16,
                    0.8763066800438634,
                    109.53833500548294
                ],
                [
                    0.0,
                    1.0,
                    2.220446049250313e-16,
                    0.0
                ],
                [
                    0.0,
                    0.0,
                    0.0,
                    1.0
                ]
            ]
        },
        {
            "file_path": "./images/chair_0_24.png",
            "depth_path": "./images/chair_depth_0_24.png",
            "transform_matrix": [
                [
                    -0.9685831611286313,
                    -5.5220247744370754e-17,
                    0.2486898871648546,
                    31.086235895606812
                ],
                [
                    0.2486898871648546,
                    -2.1506866534984488e-16,
                    0.9685831611286313,
                    121.07289514107892
                ],
                [
                    0.0,
                    1.0,
                    2.220446049250313e-16,
                    0.0
                ],
                [
                    0.0,
                    0.0,
                    0.0,
                    1.0
                ]
            ]
        },
        {
            "file_path": "./images/chair_1_0.png",
            "depth_path": "./images/chair_depth_1_0.png",
            "transform_matrix": [
                [
                    -1.0,
                    -2.719262146893782e-32,
                    1.2246467991473532e-16,
                    0.0
                ],
                [
                    1.2011155542966555e-16,
                    -0.1950903220161285,
                    0.9807852804032305,
                    122.59816005040382
                ],
                [
                    2.389167384016779e-17,
                    0.9807852804032305,
                    0.1950903220161285,
                    24.386290252016035
                ],
                [
                    0.0,
                    0.0,
                    0.0,
                    1.0
                ]
            ]
        },
        {
            "file_path": "./images/chair_1_1.png",
            "depth_path": "./images/chair_depth_1_1.png",
            "transform_matrix": [
                [
                    -0.9685831611286312,
                    0.048516990169146186,
                    -0.2439113807164298,
                    -30.488922589553738
                ],
                [
                    -0.2486898871648547,
                    -0.18896120080398432,
                    0.9499721072813919,
                    118.746513410174
                ],
                [
                    2.389167384016779e-17,
                    0.9807852804032305,
                    0.1950903220161285,
                    24.386290252016035
                ],
                [
                    0.0,
                    0.0,
                    0.0,
                    1.0
                ]
            ]
        },
        {
            "file_path": "./images/chair_1_2.png",
            "depth_path": "./images/chair_depth_1_2.png",
            "transform_matrix": [
                [
                    -0.8763066800438636,
                    0.09398547941295665,
                    -0.47249691233913726,
                    -59.06211404239217
                ],
                [
                    -0.48175367410171516,
                    -0.17095895239464182,
                    0.8594686929060448,
                    107.43358661325559
                ],
                [
                    2.389167384016779e-17,
                    0.9807852804032305,
                    0.1950903220161285,
                    24.386290252016035
                ],
                [
                    0.0,
                    0.0,
                    0.0,
                    1.0
                ]
            ]
        },
        {
            "file_path": "./images/chair_1_3.png",
            "depth_path": "./images/chair_depth_1_3.png",
            "transform_matrix": [
                [
                    -0.7289686274214117,
                    0.13354851533083673,
                    -0.671393725237489,
                    -83.92421565468614
                ],
                [
                    -0.6845471059286887,
                    -0.14221472426329837,
                    0.7149616996506674,
                    89.3702124563334
                ],
                [
                    2.3891673840167796e-17,
                    0.9807852804032308,
                    0.19509032201612855,
                    24.386290252016043
                ],
                [
                    0.0,
                    0.0,
                    0.0,
                    1.0
                ]
            ]
        },
        {
            "file_path": "./images/chair_1_4.png",
            "depth_path": "./images/chair_depth_1_4.png",
            "transform_matrix": [
                [
                    -0.5358267949789967,
                    0.1647202068733979,
                    -0.8281044011657718,
                    -103.5130501457215
                ],
                [
                    -0.8443279255020151,
                    -0.1045346219773225,
                    0.5255310333610396,
                    65.69137917012993
                ],
                [
                    2.389167384016779e-17,
                    0.9807852804032305,
                    0.1950903220161285,
                    24.386290252016035
                ],
                [
                    0.0,
                    0.0,
                    0.0,
                    1.0
                ]
            ]
        },
        {
            "file_path": "./images/chair_1_5.png",
            "depth_path": "./images/chair_depth_1_5.png",
            "transform_matrix": [
                [
                    -0.30901699437494756,
                    0.18554192201955888,
                    -0.9327822320138619,
                    -116.59777900173273
                ],
                [
                    -0.9510565162951536,
                    -0.06028622494106467,
                    0.30307931947739647,
                    37.88491493467455
                ],
                [
                    2.389167384016779e-17,
                    0.9807852804032305,
                    0.1950903220161285,
                    24.386290252016035
                ],
                [
                    0.0,
                    0.0,
                    0.0,
                    1.0
                ]
            ]
        },
        {
            "file_path": "./images/chair_1_6.png",
            "depth_path": "./images/chair_depth_1_6.png",
            "transform_matrix": [
                [
                    -0.06279051952931348,
                    0.19470535582977475,
                    -0.9788499246914413,
                    -122.35624058643016
                ],
                [
                    -0.9980267284282717,
                    -0.012249822674533749,
                    0.06158401730322225,
                    7.698002162902766
                ],
                [
                    2.389167384016779e-17,
                    0.9807852804032305,
                    0.1950903220161285,
                    24.386290252016035
                ],
                [
                    0.0,
                    0.0,
                    0.0,
                    1.0
                ]
            ]
        },
        {
            "file_path": "./images/chair_1_7.png",
            "depth_path": "./images/chair_depth_1_7.png",
            "transform_matrix": [
                [
                    0.18738131458572466,
                    0.1916347360569975,
                    -0.9634128766424556,
                    -120.42660958030696
                ],
                [
                    -0.9822872507286889,
                    0.03655628100233452,
                    -0.18378083516828592,
                    -22.972604396035752
                ],
                [
                    2.3891673840167796e-17,
                    0.9807852804032308,
                    0.19509032201612855,
                    24.386290252016043
                ],
                [
                    0.0,
                    0.0,
                    0.0,
                    1.0
                ]
            ]
        },
        {
            "file_path": "./images/chair_1_8.png",
            "depth_path": "./images/chair_depth_1_8.png",
            "transform_matrix": [
                [
                    0.4257792915650726,
                    0.1765230010345001,
                    -0.8874410543693134,
                    -110.93013179616418
                ],
                [
                    -0.9048270524660194,
                    0.0830654190992291,
                    -0.41759806186753856,
                    -52.19975773344234
                ],
                [
                    2.389167384016779e-17,
                    0.9807852804032305,
                    0.1950903220161285,
                    24.386290252016035
                ],
                [
                    0.0,
                    0.0,
                    0.0,
                    1.0
                ]
            ]
        },
        {
            "file_path": "./images/chair_1_9.png",
            "depth_path": "./images/chair_depth_1_9.png",
            "transform_matrix": [
                [
                    0.6374239897486897,
                    0.15031967665082013,
                    -0.7557080468702551,
                    -94.46350585878187
                ],
                [
                    -0.7705132427757894,
                    0.12435525142087729,
                    -0.6251760665214147,
                    -78.14700831517685
                ],
                [
                    2.3891673840167796e-17,
                    0.9807852804032308,
                    0.19509032201612855,
                    24.386290252016043
                ],
                [
                    0.0,
                    0.0,
                    0.0,
                    1.0
                ]
            ]
        },
        {
            "file_path": "./images/chair_1_10.png",
            "depth_path": "./images/chair_depth_1_10.png",
            "transform_matrix": [
                [
                    0.8090169943749473,
                    0.11467121414606996,
                    -0.5764911234865572,
                    -72.06139043581963
                ],
                [
                    -0.5877852522924735,
                    0.1578313859491289,
                    -0.7934719596790115,
                    -99.18399495987646
                ],
                [
                    2.3891673840167796e-17,
                    0.9807852804032308,
                    0.19509032201612855,
                    24.386290252016043
                ],
                [
                    0.0,
                    0.0,
                    0.0,
                    1.0
                ]
            ]
        },
        {
            "file_path": "./images/chair_1_11.png",
            "depth_path": "./images/chair_depth_1_11.png",
            "transform_matrix": [
                [
                    0.9297764858882516,
                    0.07181753752529704,
                    -0.3610511426281556,
                    -45.13139282851944
                ],
                [
                    -0.36812455268467786,
                    0.18139039403496335,
                    -0.9119110914242391,
                    -113.9888864280299
                ],
                [
                    2.389167384016779e-17,
                    0.9807852804032305,
                    0.1950903220161285,
                    24.386290252016035
                ],
                [
                    0.0,
                    0.0,
                    0.0,
                    1.0
                ]
            ]
        },
        {
            "file_path": "./images/chair_1_12.png",
            "depth_path": "./images/chair_depth_1_12.png",
            "transform_matrix": [
                [
                    0.9921147013144778,
                    0.02445130089538273,
                    -0.1229249906252097,
                    -15.365623828151197
                ],
                [
                    -0.1253332335643042,
                    0.1935519765563766,
                    -0.9730514955208874,
                    -121.63143694011093
                ],
                [
                    2.389167384016779e-17,
                    0.9807852804032305,
                    0.1950903220161285,
                    24.386290252016035
                ],
                [
                    0.0,
                    0.0,
                    0.0,
                    1.0
                ]
            ]
        },
        {
            "file_path": "./images/chair_1_13.png",
            "depth_path": "./images/chair_depth_1_13.png",
            "transform_matrix": [
                [
                    0.9921147013144778,
                    -0.024451300895382767,
                    0.12292499062520965,
                    15.365623828151222
                ],
                [
                    0.12533323356430418,
                    0.1935519765563766,
                    -0.9730514955208874,
                    -121.63143694011093
                ],
                [
                    2.389167384016779e-17,
                    0.9807852804032305,
                    0.1950903220161285,
                    24.386290252016035
                ],
                [
                    0.0,
                    0.0,
                    0.0,
                    1.0
                ]
            ]
        },
        {
            "file_path": "./images/chair_1_14.png",
            "depth_path": "./images/chair_depth_1_14.png",
            "transform_matrix": [
                [
                    0.9297764858882513,
                    -0.07181753752529717,
                    0.361051142628156,
                    45.131392828519516
                ],
                [
                    0.3681245526846783,
                    0.18139039403496332,
                    -0.9119110914242389,
                    -113.98888642802987
                ],
                [
                    2.3891673840167796e-17,
                    0.9807852804032308,
                    0.19509032201612855,
                    24.386290252016043
                ],
                [
                    0.0,
                    0.0,
                    0.0,
                    1.0
                ]
            ]
        },
        {
            "file_path": "./images/chair_1_15.png",
            "depth_path": "./images/chair_depth_1_15.png",
            "transform_matrix": [
                [
                    0.8090169943749473,
                    -0.11467121414606996,
                    0.576491123486557,
                    72.06139043581963
                ],
                [
                    0.5877852522924732,
                    0.15783138594912888,
                    -0.7934719596790115,
                    -99.18399495987643
                ],
                [
                    2.389167384016779e-17,
                    0.9807852804032305,
                    0.1950903220161285,
                    24.386290252016035
                ],
                [
                    0.0,
                    0.0,
                    0.0,
                    1.0
                ]
            ]
        },
        {
            "file_path": "./images/chair_1_16.png",
            "depth_path": "./images/chair_depth_1_16.png",
            "transform_matrix": [
                [
                    0.6374239897486896,
                    -0.15031967665082013,
                    0.7557080468702548,
                    94.46350585878187
                ],
                [
                    0.7705132427757891,
                    0.12435525142087724,
                    -0.6251760665214146,
                    -78.1470083151768
                ],
                [
                    2.389167384016779e-17,
                    0.9807852804032305,
                    0.1950903220161285,
                    24.386290252016035
                ],
                [
                    0.0,
                    0.0,
                    0.0,
                    1.0
                ]
            ]
        },
        {
            "file_path": "./images/chair_1_17.png",
            "depth_path": "./images/chair_depth_1_17.png",
            "transform_matrix": [
                [
                    0.42577929156507227,
                    -0.1765230010345002,
                    0.8874410543693139,
                    110.93013179616423
                ],
                [
                    0.9048270524660198,
                    0.08306541909922899,
                    -0.4175980618675383,
                    -52.19975773344227
                ],
                [
                    2.389167384016779e-17,
                    0.9807852804032305,
                    0.1950903220161285,
                    24.386290252016035
                ],
                [
                    0.0,
                    0.0,
                    0.0,
                    1.0
                ]
            ]
        },
        {
            "file_path": "./images/chair_1_18.png",
            "depth_path": "./images/chair_depth_1_18.png",
            "transform_matrix": [
                [
                    0.18738131458572466,
                    -0.19163473605699743,
                    0.9634128766424553,
                    120.42660958030693
                ],
                [
                    0.9822872507286887,
                    0.036556281002334476,
                    -0.18378083516828592,
                    -22.972604396035724
                ],
                [
                    2.389167384016779e-17,
                    0.9807852804032305,
                    0.1950903220161285,
                    24.386290252016035
                ],
                [
                    0.0,
                    0.0,
                    0.0,
                    1.0
                ]
            ]
        },
        {
            "file_path": "./images/chair_1_19.png",
            "depth_path": "./images/chair_depth_1_19.png",
            "transform_matrix": [
                [
                    -0.06279051952931362,
                    -0.19470535582977472,
                    0.9788499246914412,
                    122.35624058643015
                ],
                [
                    0.9980267284282716,
                    -0.012249822674533825,
                    0.06158401730322238,
                    7.698002162902814
                ],
