{
    "w": 800,
    "h": 800,
    "aabb_scale": 2,
    "fl_x": 400,
    "k1": 0,
    "p1": 0,
    "fl_y": 400,
    "k2": 0,
    "p2": 0,
    "cx": 400,
    "cy": 400,
    "camera_angle_x": 1.5707963267948966,
    "camera_angle_y": 1.5707963267948966,
    "enable_depth_loading": true,
    "integer_depth_scale": 2.2888532845044633e-05,
    "frames": [
        {
            "file_path": "./images/fuze_0_0.png",
            "depth_path": "./images/fuze_depth_0_0.png",
            "transform_matrix": [
                [
                    -1.0,
                    -2.719262146893782e-32,
                    1.2246467991473532e-16,
                    0.0
                ],
                [
                    1.2246467991473532e-16,
                    -2.220446049250313e-16,
                    1.0,
                    1.4999999999999998
                ],
                [
                    0.0,
                    1.0,
                    2.220446049250313e-16,
                    0.0
                ],
                [
                    0.0,
                    0.0,
                    0.0,
                    1.0
                ]
            ]
        },
        {
            "file_path": "./images/fuze_0_1.png",
            "depth_path": "./images/fuze_depth_0_1.png",
            "transform_matrix": [
                [
                    -0.9781476007338058,
                    4.616566924692461e-17,
                    -0.20791169081775923,
                    -0.311867536226639
                ],
                [
                    -0.20791169081775923,
                    -2.1719239756330517e-16,
                    0.9781476007338058,
                    1.4672214011007085
                ],
                [
                    0.0,
                    1.0000000000000002,
                    2.2204460492503136e-16,
                    0.0
                ],
                [
                    0.0,
                    0.0,
                    0.0,
                    1.0
                ]
            ]
        },
        {
            "file_path": "./images/fuze_0_2.png",
            "depth_path": "./images/fuze_depth_0_2.png",
            "transform_matrix": [
                [
                    -0.9135454576426011,
                    9.03136772202995e-17,
                    -0.4067366430758001,
                    -0.6101049646137002
                ],
                [
                    -0.4067366430758001,
                    -2.0284784022330828e-16,
                    0.9135454576426011,
                    1.3703181864639016
                ],
                [
                    0.0,
                    1.0000000000000002,
                    2.2204460492503136e-16,
                    0.0
                ],
                [
                    0.0,
                    0.0,
                    0.0,
                    1.0
                ]
            ]
        },
        {
            "file_path": "./images/fuze_0_3.png",
            "depth_path": "./images/fuze_depth_0_3.png",
            "transform_matrix": [
                [
                    -0.8090169943749477,
                    1.3051454412604205e-16,
                    -0.5877852522924731,
                    -0.8816778784387098
                ],
                [
                    -0.5877852522924731,
                    -1.7963785889362153e-16,
                    0.8090169943749477,
                    1.2135254915624212
                ],
                [
                    0.0,
                    1.0000000000000002,
                    2.2204460492503136e-16,
                    0.0
                ],
                [
                    0.0,
                    0.0,
                    0.0,
                    1.0
                ]
            ]
        },
        {
            "file_path": "./images/fuze_0_4.png",
            "depth_path": "./images/fuze_depth_0_4.png",
            "transform_matrix": [
                [
                    -0.6691306063588585,
                    1.6501129917520935e-16,
                    -0.7431448254773942,
                    -1.1147172382160915
                ],
                [
                    -0.7431448254773942,
                    -1.4857684113219937e-16,
                    0.6691306063588585,
                    1.0036959095382874
                ],
                [
                    0.0,
                    1.0,
                    2.220446049250313e-16,
                    0.0
                ],
                [
                    0.0,
                    0.0,
                    0.0,
                    1.0
                ]
            ]
        },
        {
            "file_path": "./images/fuze_0_5.png",
            "depth_path": "./images/fuze_depth_0_5.png",
            "transform_matrix": [
                [
                    -0.5000000000000003,
                    1.9229626863835636e-16,
                    -0.8660254037844385,
                    -1.2990381056766578
                ],
                [
                    -0.8660254037844385,
                    -1.1102230246251573e-16,
                    0.5000000000000003,
                    0.7500000000000002
                ],
                [
                    0.0,
                    1.0,
                    2.220446049250313e-16,
                    0.0
                ],
                [
                    0.0,
                    0.0,
                    0.0,
                    1.0
                ]
            ]
        },
        {
            "file_path": "./images/fuze_0_6.png",
            "depth_path": "./images/fuze_depth_0_6.png",
            "transform_matrix": [
                [
                    -0.30901699437494756,
                    2.11176968422134e-16,
                    -0.9510565162951536,
                    -1.4265847744427302
                ],
                [
                    -0.9510565162951536,
                    -6.861555643110585e-17,
                    0.30901699437494756,
                    0.4635254915624211
                ],
                [
                    0.0,
                    1.0,
                    2.220446049250313e-16,
                    0.0
                ],
                [
                    0.0,
                    0.0,
                    0.0,
                    1.0
                ]
            ]
        },
        {
            "file_path": "./images/fuze_0_7.png",
            "depth_path": "./images/fuze_depth_0_7.png",
            "transform_matrix": [
                [
                    -0.10452846326765387,
                    2.208282213463416e-16,
                    -0.9945218953682734,
                    -1.4917828430524098
                ],
                [
                    -0.9945218953682734,
                    -2.320998132968685e-17,
                    0.10452846326765387,
                    0.1567926949014806
                ],
                [
                    0.0,
                    1.0,
                    2.220446049250313e-16,
                    0.0
                ],
                [
                    0.0,
                    0.0,
                    0.0,
                    1.0
                ]
            ]
        },
        {
            "file_path": "./images/fuze_0_8.png",
            "depth_path": "./images/fuze_depth_0_8.png",
            "transform_matrix": [
                [
                    0.10452846326765318,
                    2.2082822134634162e-16,
                    -0.9945218953682735,
                    -1.49178284305241
                ],
                [
                    -0.9945218953682735,
                    2.3209981329686697e-17,
                    -0.10452846326765318,
                    -0.15679269490147993
                ],
                [
                    0.0,
                    1.0000000000000002,
                    2.2204460492503136e-16,
                    0.0
                ],
                [
                    0.0,
                    0.0,
                    0.0,
                    1.0
                ]
            ]
        },
        {
            "file_path": "./images/fuze_0_9.png",
            "depth_path": "./images/fuze_depth_0_9.png",
            "transform_matrix": [
                [
                    0.30901699437494734,
                    2.11176968422134e-16,
                    -0.9510565162951536,
                    -1.4265847744427302
                ],
                [
                    -0.9510565162951536,
                    6.86155564311058e-17,
                    -0.30901699437494734,
                    -0.4635254915624211
                ],
                [
                    0.0,
                    1.0,
                    2.220446049250313e-16,
                    0.0
                ],
                [
                    0.0,
                    0.0,
                    0.0,
                    1.0
                ]
            ]
        },
        {
            "file_path": "./images/fuze_0_10.png",
            "depth_path": "./images/fuze_depth_0_10.png",
            "transform_matrix": [
                [
                    0.49999999999999967,
                    1.9229626863835646e-16,
                    -0.8660254037844389,
                    -1.299038105676658
                ],
                [
                    -0.8660254037844389,
                    1.1102230246251558e-16,
                    -0.49999999999999967,
                    -0.7499999999999997
                ],
                [
                    0.0,
                    1.0,
                    2.220446049250313e-16,
                    0.0
                ],
                [
                    0.0,
                    0.0,
                    0.0,
                    1.0
                ]
            ]
        },
        {
            "file_path": "./images/fuze_0_11.png",
            "depth_path": "./images/fuze_depth_0_11.png",
            "transform_matrix": [
                [
                    0.6691306063588579,
                    1.6501129917520942e-16,
                    -0.7431448254773946,
                    -1.1147172382160915
                ],
                [
                    -0.7431448254773946,
                    1.4857684113219925e-16,
                    -0.6691306063588579,
                    -1.003695909538287
                ],
                [
                    0.0,
                    1.0,
                    2.220446049250313e-16,
                    0.0
                ],
                [
                    0.0,
                    0.0,
                    0.0,
                    1.0
                ]
            ]
        },
        {
            "file_path": "./images/fuze_0_12.png",
            "depth_path": "./images/fuze_depth_0_12.png",
            "transform_matrix": [
                [
                    0.8090169943749473,
                    1.3051454412604212e-16,
                    -0.5877852522924735,
                    -0.8816778784387099
                ],
                [
                    -0.5877852522924735,
                    1.7963785889362146e-16,
                    -0.8090169943749473,
                    -1.213525491562421
                ],
                [
                    0.0,
                    1.0000000000000002,
                    2.2204460492503136e-16,
                    0.0
                ],
                [
                    0.0,
                    0.0,
                    0.0,
                    1.0
                ]
            ]
        },
        {
            "file_path": "./images/fuze_0_13.png",
            "depth_path": "./images/fuze_depth_0_13.png",
            "transform_matrix": [
                [
                    0.9135454576426008,
                    9.03136772202996e-17,
                    -0.40673664307580054,
                    -0.6101049646137006
                ],
                [
                    -0.40673664307580054,
                    2.028478402233082e-16,
                    -0.9135454576426008,
                    -1.370318186463901
                ],
                [
                    0.0,
                    1.0,
                    2.220446049250313e-16,
                    0.0
                ],
                [
                    0.0,
                    0.0,
                    0.0,
                    1.0
                ]
            ]
        },
        {
            "file_path": "./images/fuze_0_14.png",
            "depth_path": "./images/fuze_depth_0_14.png",
            "transform_matrix": [
                [
                    0.9781476007338055,
                    4.6165669246924744e-17,
                    -0.20791169081775984,
                    -0.3118675362266396
                ],
                [
                    -0.20791169081775984,
                    2.171923975633051e-16,
                    -0.9781476007338055,
                    -1.467221401100708
                ],
                [
                    0.0,
                    1.0,
                    2.220446049250313e-16,
                    0.0
                ],
                [
                    0.0,
                    0.0,
                    0.0,
                    1.0
                ]
            ]
        },
        {
            "file_path": "./images/fuze_0_15.png",
            "depth_path": "./images/fuze_depth_0_15.png",
            "transform_matrix": [
                [
                    1.0,
                    5.438524293787564e-32,
                    -2.4492935982947064e-16,
                    -1.8369701987210297e-16
                ],
                [
                    -2.4492935982947064e-16,
                    2.220446049250313e-16,
                    -1.0,
                    -1.4999999999999998
                ],
                [
                    0.0,
                    1.0,
                    2.220446049250313e-16,
                    0.0
                ],
                [
                    0.0,
                    0.0,
                    0.0,
                    1.0
                ]
            ]
        },
        {
            "file_path": "./images/fuze_0_16.png",
            "depth_path": "./images/fuze_depth_0_16.png",
            "transform_matrix": [
                [
                    0.9781476007338058,
                    -4.6165669246924546e-17,
                    0.20791169081775895,
                    0.3118675362266386
                ],
                [
                    0.20791169081775895,
                    2.1719239756330517e-16,
                    -0.9781476007338058,
                    -1.4672214011007085
                ],
                [
                    0.0,
                    1.0,
                    2.220446049250313e-16,
                    0.0
                ],
                [
                    0.0,
                    0.0,
                    0.0,
                    1.0
                ]
            ]
        },
        {
            "file_path": "./images/fuze_0_17.png",
            "depth_path": "./images/fuze_depth_0_17.png",
            "transform_matrix": [
                [
                    0.9135454576426011,
                    -9.031367722029942e-17,
                    0.4067366430757997,
                    0.6101049646136997
                ],
                [
                    0.4067366430757997,
                    2.0284784022330828e-16,
                    -0.9135454576426011,
                    -1.3703181864639016
                ],
                [
                    0.0,
                    1.0,
                    2.220446049250313e-16,
                    0.0
                ],
                [
                    0.0,
                    0.0,
                    0.0,
                    1.0
                ]
            ]
        },
        {
            "file_path": "./images/fuze_0_18.png",
            "depth_path": "./images/fuze_depth_0_18.png",
            "transform_matrix": [
                [
                    0.8090169943749477,
                    -1.30514544126042e-16,
                    0.5877852522924729,
                    0.8816778784387095
                ],
                [
                    0.5877852522924729,
                    1.7963785889362153e-16,
                    -0.8090169943749477,
                    -1.2135254915624212
                ],
                [
                    0.0,
                    1.0,
                    2.220446049250313e-16,
                    0.0
                ],
                [
                    0.0,
                    0.0,
                    0.0,
                    1.0
                ]
            ]
        },
        {
            "file_path": "./images/fuze_0_19.png",
            "depth_path": "./images/fuze_depth_0_19.png",
            "transform_matrix": [
                [
                    0.6691306063588586,
                    -1.6501129917520927e-16,
                    0.7431448254773939,
                    1.1147172382160908
                ],
                [
                    0.7431448254773939,
                    1.485768411321994e-16,
                    -0.6691306063588586,
                    -1.0036959095382876
                ],
                [
                    0.0,
                    1.0,
                    2.220446049250313e-16,
                    0.0
                ],
                [
                    0.0,
                    0.0,
                    0.0,
                    1.0
                ]
            ]
        },
        {
            "file_path": "./images/fuze_0_20.png",
            "depth_path": "./images/fuze_depth_0_20.png",
            "transform_matrix": [
                [
                    0.5000000000000006,
                    -1.9229626863835633e-16,
                    0.8660254037844384,
                    1.2990381056766576
                ],
                [
                    0.8660254037844384,
                    1.1102230246251578e-16,
                    -0.5000000000000006,
                    -0.7500000000000007
                ],
                [
                    0.0,
                    1.0000000000000002,
                    2.2204460492503136e-16,
                    0.0
                ],
                [
                    0.0,
                    0.0,
                    0.0,
                    1.0
                ]
            ]
        },
        {
            "file_path": "./images/fuze_0_21.png",
            "depth_path": "./images/fuze_depth_0_21.png",
            "transform_matrix": [
                [
                    0.3090169943749478,
                    -2.1117696842213402e-16,
                    0.9510565162951538,
                    1.4265847744427307
                ],
                [
                    0.9510565162951538,
                    6.86155564311059e-17,
                    -0.3090169943749478,
                    -0.4635254915624215
                ],
                [
                    0.0,
                    1.0000000000000002,
                    2.2204460492503136e-16,
                    0.0
                ],
                [
                    0.0,
                    0.0,
                    0.0,
                    1.0
                ]
            ]
        },
        {
            "file_path": "./images/fuze_0_22.png",
            "depth_path": "./images/fuze_depth_0_22.png",
            "transform_matrix": [
                [
                    0.10452846326765437,
                    -2.2082822134634154e-16,
                    0.9945218953682732,
                    1.4917828430524096
                ],
                [
                    0.9945218953682732,
                    2.3209981329686962e-17,
                    -0.10452846326765437,
                    -0.15679269490148134
                ],
                [
                    0.0,
                    1.0,
                    2.220446049250313e-16,
                    0.0
                ],
                [
                    0.0,
                    0.0,
                    0.0,
                    1.0
                ]
            ]
        },
        {
            "file_path": "./images/fuze_0_23.png",
            "depth_path": "./images/fuze_depth_0_23.png",
            "transform_matrix": [
                [
                    -0.10452846326765285,
                    -2.2082822134634162e-16,
                    0.9945218953682735,
                    1.49178284305241
                ],
                [
                    0.9945218953682735,
                    -2.3209981329686623e-17,
                    0.10452846326765285,
                    0.15679269490147946
                ],
                [
                    0.0,
                    1.0,
                    2.220446049250313e-16,
                    0.0
                ],
                [
                    0.0,
                    0.0,
                    0.0,
                    1.0
                ]
            ]
        },
        {
            "file_path": "./images/fuze_0_24.png",
            "depth_path": "./images/fuze_depth_0_24.png",
            "transform_matrix": [
                [
                    -0.30901699437494706,
                    -2.11176968422134e-16,
                    0.9510565162951536,
                    1.4265847744427302
                ],
                [
                    0.9510565162951536,
                    -6.861555643110574e-17,
                    0.30901699437494706,
                    0.46352549156242073
                ],
                [
                    0.0,
                    1.0,
                    2.220446049250313e-16,
                    0.0
                ],
                [
                    0.0,
                    0.0,
                    0.0,
                    1.0
                ]
            ]
        },
        {
            "file_path": "./images/fuze_0_25.png",
            "depth_path": "./images/fuze_depth_0_25.png",
            "transform_matrix": [
                [
                    -0.4999999999999992,
                    -1.922962686383565e-16,
                    0.8660254037844392,
                    1.2990381056766582
                ],
                [
                    0.8660254037844392,
                    -1.1102230246251548e-16,
                    0.4999999999999992,
                    0.749999999999999
                ],
                [
                    0.0,
                    1.0,
                    2.220446049250313e-16,
                    0.0
                ],
                [
                    0.0,
                    0.0,
                    0.0,
                    1.0
                ]
            ]
        },
        {
            "file_path": "./images/fuze_0_26.png",
            "depth_path": "./images/fuze_depth_0_26.png",
            "transform_matrix": [
                [
                    -0.6691306063588577,
                    -1.6501129917520944e-16,
                    0.7431448254773947,
                    1.1147172382160917
                ],
                [
                    0.7431448254773947,
                    -1.485768411321992e-16,
                    0.6691306063588577,
                    1.0036959095382865
                ],
                [
                    0.0,
                    1.0,
                    2.220446049250313e-16,
                    0.0
                ],
                [
                    0.0,
                    0.0,
                    0.0,
                    1.0
                ]
            ]
        },
        {
            "file_path": "./images/fuze_0_27.png",
            "depth_path": "./images/fuze_depth_0_27.png",
            "transform_matrix": [
                [
                    -0.8090169943749471,
                    -1.305145441260421e-16,
                    0.5877852522924734,
                    0.8816778784387098
                ],
                [
                    0.5877852522924734,
                    -1.796378588936214e-16,
                    0.8090169943749471,
                    1.2135254915624207
                ],
                [
                    0.0,
                    1.0,
                    2.220446049250313e-16,
                    0.0
                ],
                [
                    0.0,
                    0.0,
                    0.0,
                    1.0
                ]
            ]
        },
        {
            "file_path": "./images/fuze_0_28.png",
            "depth_path": "./images/fuze_depth_0_28.png",
            "transform_matrix": [
                [
                    -0.9135454576426006,
                    -9.031367722029971e-17,
                    0.40673664307580104,
                    0.6101049646137013
                ],
                [
                    0.40673664307580104,
                    -2.0284784022330818e-16,
                    0.9135454576426006,
                    1.3703181864639007
                ],
                [
                    0.0,
                    1.0,
                    2.220446049250313e-16,
                    0.0
                ],
                [
                    0.0,
                    0.0,
                    0.0,
                    1.0
                ]
            ]
        },
        {
            "file_path": "./images/fuze_0_29.png",
            "depth_path": "./images/fuze_depth_0_29.png",
            "transform_matrix": [
                [
                    -0.9781476007338055,
                    -4.616566924692477e-17,
                    0.20791169081775995,
                    0.3118675362266397
                ],
                [
                    0.20791169081775995,
                    -2.171923975633051e-16,
                    0.9781476007338055,
                    1.467221401100708
                ],
                [
                    0.0,
                    1.0,
                    2.220446049250313e-16,
                    0.0
                ],
                [
                    0.0,
                    0.0,
                    0.0,
                    1.0
                ]
            ]
        },
        {
            "file_path": "./images/fuze_1_0.png",
            "depth_path": "./images/fuze_depth_1_0.png",
            "transform_matrix": [
                [
                    -1.0,
                    -2.719262146893782e-32,
                    1.2246467991473532e-16,
                    0.0
                ],
                [
                    1.1647083184890926e-16,
                    -0.3090169943749477,
                    0.9510565162951535,
                    1.4265847744427302
                ],
                [
                    3.7843667304341506e-17,
                    0.9510565162951535,
                    0.3090169943749477,
                    0.4635254915624211
                ],
                [
                    0.0,
                    0.0,
                    0.0,
                    1.0
                ]
            ]
        },
        {
            "file_path": "./images/fuze_1_1.png",
            "depth_path": "./images/fuze_depth_1_1.png",
            "transform_matrix": [
                [
                    -0.9781476007338058,
                    0.0642482457919174,
                    -0.19773576836617315,
                    -0.2966036525492599
                ],
                [
                    -0.20791169081775923,
                    -0.30226423163382704,
                    0.930273649576356,
                    1.3954104743645341
                ],
                [
                    3.784366730434151e-17,
                    0.9510565162951538,
                    0.30901699437494773,
                    0.46352549156242123
                ],
                [
                    0.0,
                    0.0,
                    0.0,
                    1.0
                ]
            ]
        },
        {
            "file_path": "./images/fuze_1_2.png",
            "depth_path": "./images/fuze_depth_1_2.png",
            "transform_matrix": [
                [
                    -0.9135454576426011,
                    0.12568853494543966,
                    -0.3868295348132557,
                    -0.5802443022198838
                ],
                [
                    -0.4067366430758001,
                    -0.28230107154560263,
                    0.8688333604228339,
                    1.3032500406342509
                ],
                [
                    3.784366730434151e-17,
                    0.9510565162951538,
                    0.30901699437494773,
                    0.46352549156242123
                ],
                [
                    0.0,
                    0.0,
                    0.0,
                    1.0
                ]
            ]
        },
        {
            "file_path": "./images/fuze_1_3.png",
            "depth_path": "./images/fuze_depth_1_3.png",
            "transform_matrix": [
                [
                    -0.8090169943749477,
                    0.1816356320013404,
                    -0.5590169943749475,
                    -0.8385254915624213
                ],
                [
                    -0.5877852522924731,
                    -0.2500000000000002,
                    0.7694208842938136,
                    1.15413132644072
                ],
                [
                    3.784366730434151e-17,
                    0.9510565162951538,
                    0.30901699437494773,
                    0.46352549156242123
                ],
                [
                    0.0,
                    0.0,
                    0.0,
                    1.0
                ]
            ]
        },
        {
            "file_path": "./images/fuze_1_4.png",
            "depth_path": "./images/fuze_depth_1_4.png",
            "transform_matrix": [
                [
                    -0.6691306063588585,
                    0.22964438035431944,
                    -0.7067727288213004,
                    -1.060159093231951
                ],
                [
                    -0.7431448254773942,
                    -0.20677272882130066,
                    0.6363810234301196,
                    0.9545715351451792
                ],
                [
                    3.7843667304341506e-17,
                    0.9510565162951535,
                    0.3090169943749477,
                    0.4635254915624211
                ],
                [
                    0.0,
                    0.0,
                    0.0,
                    1.0
                ]
            ]
        },
        {
            "file_path": "./images/fuze_1_5.png",
            "depth_path": "./images/fuze_depth_1_5.png",
            "transform_matrix": [
                [
                    -0.5000000000000003,
                    0.26761656732981765,
                    -0.8236391035463317,
                    -1.2354586553194977
                ],
                [
                    -0.8660254037844385,
                    -0.1545084971874739,
                    0.4755282581475771,
                    0.7132923872213655
                ],
                [
                    3.7843667304341506e-17,
                    0.9510565162951535,
                    0.3090169943749477,
                    0.4635254915624211
                ],
                [
                    0.0,
                    0.0,
                    0.0,
                    1.0
                ]
            ]
        },
        {
            "file_path": "./images/fuze_1_6.png",
            "depth_path": "./images/fuze_depth_1_6.png",
            "transform_matrix": [
                [
                    -0.30901699437494756,
                    0.29389262614623685,
                    -0.9045084971874737,
                    -1.3567627457812106
                ],
                [
                    -0.9510565162951536,
                    -0.09549150281252637,
                    0.2938926261462367,
                    0.4408389392193549
                ],
                [
                    3.7843667304341506e-17,
                    0.9510565162951535,
                    0.3090169943749477,
                    0.4635254915624211
                ],
                [
                    0.0,
                    0.0,
                    0.0,
                    1.0
                ]
            ]
        },
        {
            "file_path": "./images/fuze_1_7.png",
            "depth_path": "./images/fuze_depth_1_7.png",
            "transform_matrix": [
                [
                    -0.10452846326765386,
                    0.30732416694678005,
                    -0.9458465291882033,
                    -1.4187697937823052
                ],
                [
                    -0.9945218953682734,
                    -0.03230107154560248,
                    0.09941247612902082,
                    0.14911871419353104
                ],
                [
                    3.7843667304341506e-17,
                    0.9510565162951535,
                    0.3090169943749477,
                    0.4635254915624211
                ],
                [
                    0.0,
                    0.0,
                    0.0,
                    1.0
                ]
            ]
        },
        {
            "file_path": "./images/fuze_1_8.png",
            "depth_path": "./images/fuze_depth_1_8.png",
            "transform_matrix": [
                [
                    0.1045284632676532,
                    0.30732416694678005,
                    -0.9458465291882034,
                    -1.4187697937823052
                ],
                [
                    -0.9945218953682735,
                    0.03230107154560235,
                    -0.09941247612902014,
                    -0.1491187141935304
                ],
                [
                    3.784366730434151e-17,
                    0.9510565162951538,
                    0.30901699437494773,
                    0.46352549156242123
                ],
                [
                    0.0,
                    0.0,
                    0.0,
                    1.0
                ]
            ]
        },
        {
            "file_path": "./images/fuze_1_9.png",
            "depth_path": "./images/fuze_depth_1_9.png",
            "transform_matrix": [
                [
                    0.30901699437494734,
                    0.29389262614623685,
                    -0.9045084971874737,
                    -1.3567627457812106
                ],
                [
                    -0.9510565162951536,
                    0.09549150281252637,
                    -0.29389262614623646,
                    -0.4408389392193549
                ],
                [
                    3.7843667304341506e-17,
                    0.9510565162951535,
                    0.3090169943749477,
                    0.4635254915624211
                ],
                [
                    0.0,
                    0.0,
                    0.0,
                    1.0
                ]
            ]
        },
        {
            "file_path": "./images/fuze_1_10.png",
            "depth_path": "./images/fuze_depth_1_10.png",
            "transform_matrix": [
                [
                    0.49999999999999967,
                    0.2676165673298177,
                    -0.8236391035463322,
                    -1.2354586553194982
                ],
                [
                    -0.8660254037844389,
                    0.15450849718747378,
                    -0.47552825814757643,
                    -0.7132923872213649
                ],
                [
                    3.7843667304341506e-17,
                    0.9510565162951535,
                    0.3090169943749477,
                    0.4635254915624211
                ],
                [
                    0.0,
                    0.0,
                    0.0,
                    1.0
                ]
            ]
        },
        {
            "file_path": "./images/fuze_1_11.png",
            "depth_path": "./images/fuze_depth_1_11.png",
            "transform_matrix": [
                [
                    0.6691306063588579,
                    0.22964438035431947,
                    -0.7067727288213007,
                    -1.060159093231951
                ],
                [
                    -0.7431448254773946,
                    0.20677272882130054,
                    -0.6363810234301192,
                    -0.9545715351451789
                ],
                [
                    3.7843667304341506e-17,
                    0.9510565162951535,
                    0.3090169943749477,
                    0.4635254915624211
                ],
                [
                    0.0,
                    0.0,
                    0.0,
                    1.0
                ]
            ]
        },
        {
            "file_path": "./images/fuze_1_12.png",
            "depth_path": "./images/fuze_depth_1_12.png",
            "transform_matrix": [
                [
                    0.8090169943749473,
                    0.18163563200134045,
                    -0.5590169943749478,
                    -0.8385254915624214
                ],
                [
                    -0.5877852522924735,
                    0.2500000000000002,
                    -0.7694208842938133,
                    -1.15413132644072
                ],
                [
                    3.784366730434151e-17,
                    0.9510565162951538,
                    0.30901699437494773,
                    0.46352549156242123
                ],
                [
                    0.0,
                    0.0,
                    0.0,
                    1.0
                ]
            ]
        },
        {
            "file_path": "./images/fuze_1_13.png",
            "depth_path": "./images/fuze_depth_1_13.png",
            "transform_matrix": [
                [
                    0.9135454576426008,
                    0.12568853494543972,
                    -0.38682953481325616,
                    -0.5802443022198841
                ],
                [
                    -0.40673664307580054,
                    0.2823010715456026,
                    -0.8688333604228337,
                    -1.3032500406342507
                ],
                [
                    3.7843667304341506e-17,
                    0.9510565162951535,
                    0.3090169943749477,
                    0.4635254915624211
                ],
                [
                    0.0,
                    0.0,
                    0.0,
                    1.0
                ]
            ]
        },
        {
            "file_path": "./images/fuze_1_14.png",
            "depth_path": "./images/fuze_depth_1_14.png",
            "transform_matrix": [
                [
                    0.9781476007338055,
                    0.06424824579191751,
                    -0.19773576836617374,
                    -0.29660365254926047
                ],
                [
                    -0.20791169081775984,
                    0.30226423163382693,
                    -0.9302736495763558,
                    -1.3954104743645337
                ],
                [
                    3.7843667304341506e-17,
                    0.9510565162951535,
                    0.3090169943749477,
                    0.4635254915624211
                ],
