{
  "camera_angle_x": 0.5804712838285442,
  "camera_angle_y": 0.9762277980734205,
  "fl_x": 1808.0189830911143,
  "fl_y": 1808.0189830911143,
  "k1": 0,
  "k2": 0,
  "k3": 0,
  "k4": 0,
  "p1": 0,
  "p2": 0,
  "is_fisheye": false,
  "cx": 545.3808824695999,
  "cy": 952.2652288598863,
  "w": 1080.0,
  "h": 1920.0,
  "aabb_scale": 4,
  "frames": [
    {
      "file_path": "./images/0134.jpg",
      "sharpness": 2043.6869813684818,
      "transform_matrix": [
        [
          0.9175111210271578,
          0.37739444185167964,
          -0.12548616693888354,
          -0.5681126326395521
        ],
        [
          -0.2786033106693456,
          0.3847345945030097,
          -0.8799769809925326,
          -3.3406352560690347
        ],
        [
          -0.28381955203103476,
          0.8423495278609316,
          0.45814161002847315,
          1.7717099273204955
        ],
        [
          0.0,
          0.0,
          0.0,
          1.0
        ]
      ]
    },
    {
      "file_path": "./images/0138.jpg",
      "sharpness": 1654.6848016359252,
      "transform_matrix": [
        [
          0.7030808747878692,
          0.5222923727353246,
          -0.48258466711251324,
          -1.9625937220155811
        ],
        [
          -0.6603498798960227,
          0.22773612362087847,
          -0.7155936655110157,
          -2.464372365064166
        ],
        [
          -0.26384715206704074,
          0.821794947307553,
          0.5050126186225458,
          1.8969421319808246
        ],
        [
          0.0,
          0.0,
          0.0,
          1.0
        ]
      ]
    },
    {
      "file_path": "./images/0130.jpg",
      "sharpness": 1881.94648292145,
      "transform_matrix": [
        [
          0.9538211391307618,
          0.1545019296920066,
          0.25759345548908635,
          1.02131646549802
        ],
        [
          0.15808107968691437,
          0.47100628353981966,
          -0.8678499024088631,
          -3.6608280514848133
        ],
        [
          -0.2554126207392838,
          0.8684942340741404,
          0.42483191804427356,
          1.658714281466195
        ],
        [
          0.0,
          0.0,
          0.0,
          1.0
        ]
      ]
    },
    {
      "file_path": "./images/0137.jpg",
      "sharpness": 671.1616461171697,
      "transform_matrix": [
        [
          0.7729564554436562,
          0.4999856874052198,
          -0.390579864329914,
          -1.6863951387867042
        ],
        [
          -0.5679048520204208,
          0.2707529737409797,
          -0.7772881745286793,
          -2.7740295156497523
        ],
        [
          -0.2828823025029976,
          0.8226221122963946,
          0.493224556701847,
          1.8638080130350643
        ],
        [
          0.0,
          0.0,
          0.0,
          1.0
        ]
      ]
    },
    {
      "file_path": "./images/0119.jpg",
      "sharpness": 1480.9090229518918,
      "transform_matrix": [
        [
          0.28798284955787695,
          -0.3557410577761168,
          0.8891086425262782,
          3.582458645412264
        ],
        [
          0.9322962247443364,
          0.31631436507079486,
          -0.17541086561945057,
          -0.9962735094680808
        ],
        [
          -0.21883698885876826,
          0.879427951739314,
          0.42274915736040863,
          1.7099521273643195
        ],
        [
          0.0,
          0.0,
          0.0,
          1.0
        ]
      ]
    },
    {
      "file_path": "./images/0122.jpg",
      "sharpness": 2698.4046404734436,
      "transform_matrix": [
        [
          0.5864266705126655,
          -0.2327452613186098,
          0.7758436720675294,
          3.4053656414726294
        ],
        [
          0.7798008228128692,
          0.4213325485203725,
          -0.4630222028129397,
          -2.033033123999439
        ],
        [
          -0.2191219680156003,
          0.8765321026214498,
          0.42857558988946626,
          1.6547240499419125
        ],
        [
          0.0,
          0.0,
          0.0,
          1.0
        ]
      ]
    },
    {
      "file_path": "./images/0124.jpg",
      "sharpness": 1924.886712783335,
      "transform_matrix": [
        [
          0.7411947285784507,
          -0.12184851210026379,
          0.6601388599897257,
          2.8488286361040567
        ],
        [
          0.6298033610519135,
          0.4665709236438325,
          -0.6210147338170824,
          -2.6979499149391217
        ],
        [
          -0.2323318763306401,
          0.8760505198572788,
          0.4225605115727082,
          1.6008073354209036
        ],
        [
          0.0,
          0.0,
          0.0,
          1.0
        ]
      ]
    },
    {
      "file_path": "./images/0121.jpg",
      "sharpness": 3099.1562452238513,
      "transform_matrix": [
        [
          0.5155037482706631,
          -0.2877894533143349,
          0.8071140663636082,
          3.5370225868359615
        ],
        [
          0.8286190440932438,
          0.4073624777557531,
          -0.3839873584934009,
          -1.7722997048062585
        ],
        [
          -0.2182804739249694,
          0.866737008736323,
          0.4484647058933569,
          1.670890265548373
        ],
        [
          0.0,
          0.0,
          0.0,
          1.0
        ]
      ]
    },
    {
      "file_path": "./images/0120.jpg",
      "sharpness": 1681.7819937854983,
      "transform_matrix": [
        [
          0.39936531371818895,
          -0.3256736296602857,
          0.8569971022032302,
          3.5117762525100917
        ],
        [
          0.8954961189703585,
          0.33887975158525424,
          -0.28852593449218533,
          -1.3908482422291808
        ],
        [
          -0.19645367676671754,
          0.8826648293361417,
          0.42697628971636276,
          1.6875477943386474
        ],
        [
          0.0,
          0.0,
          0.0,
          1.0
        ]
      ]
    },
    {
      "file_path": "./images/0117.jpg",
      "sharpness": 1317.4650790600303,
      "transform_matrix": [
        [
          0.13047316128505287,
          -0.38916058678606086,
          0.9118831021126993,
          3.7341575064287356
        ],
        [
          0.9670474095819244,
          0.25276341221729376,
          -0.030495328580086665,
          -0.31739022110672976
        ],
        [
          -0.21862310446883654,
          0.8858130136638855,
          0.4093155788120291,
          1.7719218140478228
        ],
        [
          0.0,
          0.0,
          0.0,
          1.0
        ]
      ]
    },
    {
      "file_path": "./images/0118.jpg",
      "sharpness": 2433.1460769481687,
      "transform_matrix": [
        [
          0.19382553334461897,
          -0.3848631747636675,
          0.9023923755088863,
          3.7317649439579608
        ],
        [
          0.9579055608959682,
          0.27280924544155627,
          -0.08939827742320569,
          -0.6117012217293206
        ],
        [
          -0.21177487818729468,
          0.8817343434117282,
          0.4215399727892466,
          1.7371133170143571
        ],
        [
          0.0,
          0.0,
          0.0,
          1.0
        ]
      ]
    },
    {
      "file_path": "./images/0111.jpg",
      "sharpness": 901.8322602650582,
      "transform_matrix": [
        [
          -0.4064226686960777,
          -0.41221795288592056,
          0.815412149609365,
          3.306607885571837
        ],
        [
          0.8956528113877369,
          -0.0033136078001875903,
          0.44474156704386947,
          1.5905118118647525
        ],
        [
          -0.18062850227078692,
          0.9110792387953908,
          0.3705508937319367,
          1.8929302015823268
        ],
        [
          0.0,
          0.0,
          0.0,
          1.0
        ]
      ]
    },
    {
      "file_path": "./images/0110.jpg",
      "sharpness": 1185.9743738010623,
      "transform_matrix": [
        [
          -0.46166861702798045,
          -0.3524285008909005,
          0.8140370015259322,
          3.254613759790589
        ],
        [
          0.8836388352195252,
          -0.10228501225499315,
          0.4568590429880137,
          1.8968473369774244
        ],
        [
          -0.07774636296161927,
          0.9302321904069725,
          0.3586412901758515,
          1.8710555477039015
        ],
        [
          0.0,
          0.0,
          0.0,
          1.0
        ]
      ]
    },
    {
      "file_path": "./images/0112.jpg",
      "sharpness": 1805.8746743946022,
      "transform_matrix": [
        [
          -0.3634693248792856,
          -0.4213962976983791,
          0.8308520988719722,
          3.423388349614588
        ],
        [
          0.9135380423038032,
          0.013575130672306965,
          0.40652670403186497,
          1.2918433093999855
        ],
        [
          -0.18258777380610014,
          0.9067749865073705,
          0.3800274052528364,
          1.8747896351666622
        ],
        [
          0.0,
          0.0,
          0.0,
          1.0
        ]
      ]
    },
    {
      "file_path": "./images/0116.jpg",
      "sharpness": 2080.620634107651,
      "transform_matrix": [
        [
          0.05950568426812273,
          -0.398317840126045,
          0.9153152308462759,
          3.6337417263295246
        ],
        [
          0.9784892393236873,
          0.20471892900883173,
          0.02547486277246344,
          0.05641540324108545
        ],
        [
          -0.1975294460813562,
          0.8941102048312457,
          0.40193166034729566,
          1.7840811531912644
        ],
        [
          0.0,
          0.0,
          0.0,
          1.0
        ]
      ]
    },
    {
      "file_path": "./images/0105.jpg",
      "sharpness": 1172.2607754585342,
      "transform_matrix": [
        [
          -0.7430221880683698,
          -0.13877802004339704,
          0.6547203137470171,
          2.3958237984760817
        ],
        [
          0.667394125385226,
          -0.22677098346592564,
          0.7093377210181573,
          2.8975561944108983
        ],
        [
          0.05003108497853509,
          0.9640101567154734,
          0.2611155076348245,
          1.2900548489248167
        ],
        [
          0.0,
          0.0,
          0.0,
          1.0
        ]
      ]
    },
    {
      "file_path": "./images/0104.jpg",
      "sharpness": 955.7244348807515,
      "transform_matrix": [
        [
          -0.8014046085466167,
          -0.12343751611202736,
          0.5852468137960283,
          2.107777974540725
        ],
        [
          0.5961373236247085,
          -0.24449702196492176,
          0.7647493037799389,
          2.9959634378479
        ],
        [
          0.048692348580590156,
          0.9617610856683122,
          0.2695267506685175,
          1.3097748417381645
        ],
        [
          0.0,
          0.0,
          0.0,
          1.0
        ]
      ]
    },
    {
      "file_path": "./images/0108.jpg",
      "sharpness": 917.3343228260348,
      "transform_matrix": [
        [
          -0.5945680655799976,
          -0.21193666500987707,
          0.7756105114418039,
          2.886191700063333
        ],
        [
          0.8035468373531677,
          -0.19058472447511562,
          0.5639059699777201,
          2.1879745707203226
        ],
        [
          0.028307164966901888,
          0.9585198552255999,
          0.2836166278481307,
          1.6412134550420463
        ],
        [
          0.0,
          0.0,
          0.0,
          1.0
        ]
      ]
    },
    {
      "file_path": "./images/0101.jpg",
      "sharpness": 1362.9265353881767,
      "transform_matrix": [
        [
          -0.9300353254997779,
          -0.0890846629110342,
          0.3565083676417926,
          1.3208934660418372
        ],
        [
          0.36665519738110014,
          -0.28954152408323836,
          0.8841547783420213,
          3.4885611684101447
        ],
        [
          0.024459345725652976,
          0.9530108229732213,
          0.30194720025973043,
          1.3877278333416454
        ],
        [
          0.0,
          0.0,
          0.0,
          1.0
        ]
      ]
    },
    {
      "file_path": "./images/0115.jpg",
      "sharpness": 2765.9733496923973,
      "transform_matrix": [
        [
          -0.048545456745184734,
          -0.4164335332081027,
          0.9078691817058687,
          3.6621329055018816
        ],
        [
          0.9764446706073151,
          0.17153119494138575,
          0.13089252998013182,
          0.3566447980271216
        ],
        [
          -0.2102359243186395,
          0.8928382617377378,
          0.3982972439587492,
          1.8015879146405895
        ],
        [
          0.0,
          0.0,
          0.0,
          1.0
        ]
      ]
    },
    {
      "file_path": "./images/0107.jpg",
      "sharpness": 304.17978901725155,
      "transform_matrix": [
        [
          -0.673134038331727,
          -0.16630209788386593,
          0.7205790579254382,
          2.702961391942893
        ],
        [
          0.7390458093085452,
          -0.1861825275602374,
          0.6474159081879329,
          2.3502952409387534
        ],
        [
          0.026492606576491246,
          0.9683386177940407,
          0.24823066516372114,
          1.4836223766541805
        ],
        [
          0.0,
          0.0,
          0.0,
          1.0
        ]
      ]
    },
    {
      "file_path": "./images/0113.jpg",
      "sharpness": 2341.424066333688,
      "transform_matrix": [
        [
          -0.21940813907287954,
          -0.45348348555165396,
          0.8638360937600169,
          3.6419043945629594
        ],
        [
          0.9537224943057527,
          0.0868990004437373,
          0.2878575473687284,
          1.0118785929498064
        ],
        [
          -0.20560513701808925,
          0.8870182027983975,
          0.41343105299213645,
          1.8494176084039866
        ],
        [
          0.0,
          0.0,
          0.0,
          1.0
        ]
      ]
    },
    {
      "file_path": "./images/0114.jpg",
      "sharpness": 2269.6409102480525,
      "transform_matrix": [
        [
          -0.15607891153217368,
          -0.4422199511719809,
          0.8832218793725893,
          3.743709713392319
        ],
        [
          0.9666937232298998,
          0.115234388960114,
          0.22852632467387718,
          0.7440557040423633
        ],
        [
          -0.20283643372449806,
          0.8894731870203446,
          0.4095055930850169,
          1.831980916392614
        ],
        [
          0.0,
          0.0,
          0.0,
          1.0
        ]
      ]
    },
    {
      "file_path": "./images/0100.jpg",
      "sharpness": 1226.1528341811497,
      "transform_matrix": [
        [
          -0.9506815384137285,
          -0.05165674990514757,
          0.3058368727779719,
          1.062546419721932
        ],
        [
          0.3062193937782048,
          -0.3131629613425906,
          0.8989764415808097,
          3.518385561291222
        ],
        [
          0.049338579553547396,
          0.948293488256836,
          0.31353654450387974,
          1.3949785108352555
        ],
        [
          0.0,
          0.0,
          0.0,
          1.0
        ]
      ]
    },
    {
      "file_path": "./images/0109.jpg",
      "sharpness": 348.0174676886132,
      "transform_matrix": [
        [
          -0.49259764130855194,
          -0.32510286959498014,
          0.8072519358914085,
          3.135827549184523
        ],
        [
          0.869561687411248,
          -0.14679542849988428,
          0.4715014039831542,
          2.057383167748626
        ],
        [
          -0.03478556561644505,
          0.9342158350155022,
          0.35500808170117104,
          1.7832304714556237
        ],
        [
          0.0,
          0.0,
          0.0,
          1.0
        ]
      ]
    },
    {
      "file_path": "./images/0103.jpg",
      "sharpness": 901.8070851588599,
      "transform_matrix": [
        [
          -0.8737469369467734,
          -0.09163834755758832,
          0.4776700780613245,
          1.8341611890326974
        ],
        [
          0.4828233776503663,
          -0.2819809182798725,
          0.8290768044761466,
          3.112013035884203
        ],
        [
          0.05871861888603097,
          0.9550335988967351,
          0.29062510011453,
          1.313042046968782
        ],
        [
          0.0,
          0.0,
          0.0,
          1.0
        ]
      ]
    },
    {
      "file_path": "./images/0106.jpg",
      "sharpness": 144.9408470158969,
      "transform_matrix": [
        [
          -0.715448254899918,
          -0.1489743002425918,
          0.6825983097473639,
          2.556049071849024
        ],
        [
          0.6970968581340279,
          -0.21764748318758498,
          0.6831438673089468,
          2.636814868273789
        ],
        [
          0.046794924547244904,
          0.9645912248042526,
          0.259565028671743,
          1.3507891113576274
        ],
        [
          0.0,
          0.0,
          0.0,
          1.0
        ]
      ]
    },
    {
      "file_path": "./images/0102.jpg",
      "sharpness": 634.5691094853429,
      "transform_matrix": [
        [
          -0.9081737024447362,
          -0.08756502946936023,
          0.4093322511651332,
          1.5996417281743014
        ],
        [
          0.41658537209978014,
          -0.2847386420865098,
          0.863354234051855,
          3.297445518623628
        ],
        [
          0.040953070411726605,
          0.9545974394242802,
          0.2950704571972139,
          1.3312576754647238
        ],
        [
          0.0,
          0.0,
          0.0,
          1.0
        ]
      ]
    },
    {
      "file_path": "./images/0088.jpg",
      "sharpness": 1537.8581987525126,
      "transform_matrix": [
        [
          -0.8299980288254251,
          0.17565937824855132,
          -0.5293836557935148,
          -2.1979173116472124
        ],
        [
          -0.5568891877175874,
          -0.3141903624947971,
          0.7688685510011971,
          2.8682440406891354
        ],
        [
          -0.03126827108885044,
          0.9329674158226724,
          0.3586001900144399,
          1.5318502464662838
        ],
        [
          0.0,
          0.0,
          0.0,
          1.0
        ]
      ]
    },
    {
      "file_path": "./images/0093.jpg",
      "sharpness": 962.9181673275168,
      "transform_matrix": [
        [
          -0.9736714529077148,
          0.10240871765468035,
          -0.2036574486311985,
          -1.025547593476696
        ],
        [
          -0.22665425247300294,
          -0.33958361214159666,
          0.9128585981414736,
          3.4642969630193505
        ],
        [
          0.024325946389993497,
          0.9349841843317722,
          0.35385424036429874,
          1.4718393178336515
        ],
        [
          0.0,
          0.0,
          0.0,
          1.0
        ]
      ]
    },
    {
      "file_path": "./images/0091.jpg",
      "sharpness": 1935.4210009651642,
      "transform_matrix": [
        [
          -0.9260960755357046,
          0.16140440895822925,
          -0.341020051739303,
          -1.4987344642660685
        ],
        [
          -0.3759462697562928,
          -0.31862266020894425,
          0.8701402201126849,
          3.2271592948752397
        ],
        [
          0.03178775186830299,
          0.9340386593756208,
          0.35575458066631527,
          1.4880076400645945
        ],
        [
          0.0,
          0.0,
          0.0,
          1.0
        ]
      ]
    },
    {
      "file_path": "./images/0084.jpg",
      "sharpness": 1140.4937853617919,
      "transform_matrix": [
        [
          -0.5987288027205613,
          0.2648733641473202,
          -0.7558875060484533,
          -3.081393077107481
        ],
        [
          -0.8003482093480867,
          -0.2344812824314119,
          0.5517800938622909,
          1.9739627400377304
        ],
        [
          -0.03108962206129376,
          0.9353398468976789,
          0.3523816201898524,
          1.5230382686036343
        ],
        [
          0.0,
          0.0,
          0.0,
          1.0
        ]
      ]
    },
    {
      "file_path": "./images/0090.jpg",
      "sharpness": 2158.0938619116464,
      "transform_matrix": [
        [
          -0.8646447086038662,
          0.18825565326016067,
          -0.4657782057385159,
          -1.7096665076143496
        ],
        [
          -0.5022730530091376,
          -0.3044620667126588,
          0.8093359192288354,
          3.108386550934247
        ],
        [
          0.01055026703247458,
          0.9337358614656613,
          0.35780725666290836,
          1.4823436277747948
        ],
        [
          0.0,
          0.0,
          0.0,
          1.0
        ]
      ]
    },
    {
      "file_path": "./images/0080.jpg",
      "sharpness": 1257.734790562835,
      "transform_matrix": [
        [
          -0.29217393140617914,
          0.32222358098364046,
          -0.9004478650687128,
          -3.48286002221536
        ],
        [
          -0.9542397881822856,
          -0.16095816167140872,
          0.252029555491483,
          0.9816877820735719
        ],
        [
          -0.06372456715822386,
          0.9328796460908582,
          0.35450634055261354,
          1.4863257068129092
        ],
        [
          0.0,
          0.0,
          0.0,
          1.0
        ]
      ]
    },
    {
      "file_path": "./images/0087.jpg",
      "sharpness": 1484.6730140733941,
      "transform_matrix": [
        [
          -0.7897508399657163,
          0.21352785063791166,
          -0.5750647509780655,
          -2.3607536830379665
        ],
        [
          -0.6133933686032798,
          -0.28481469425892236,
          0.7366336710249972,
          2.6231162501770715
        ],
        [
          -0.006495086747418832,
          0.9344979652064634,
          0.3559092116189695,
          1.5167381372462088
        ],
        [
          0.0,
          0.0,
          0.0,
          1.0
        ]
      ]
    },
    {
      "file_path": "./images/0092.jpg",
      "sharpness": 2001.4563009211245,
      "transform_matrix": [
        [
          -0.9531055688967902,
          0.12369050315801564,
          -0.2762072301886919,
          -1.2596035817095113
        ],
        [
          -0.30208046878204287,
          -0.3334495308322945,
          0.8930614764775107,
          3.428856932433527
        ],
        [
          0.018362052057636913,
          0.9346186761742947,
          0.35517708996014197,
          1.4943002202780757
        ],
        [
          0.0,
          0.0,
          0.0,
          1.0
        ]
      ]
    },
    {
      "file_path": "./images/0097.jpg",
      "sharpness": 1435.4582931625325,
      "transform_matrix": [
        [
          -0.9979848160618723,
          0.013688017074883374,
          0.06195922159432303,
          0.15222636819764093
        ],
        [
          0.05403460453883481,
          -0.32857531466912443,
          0.9429308161803093,
          3.656849597853524
        ],
        [
          0.03326512384431851,
          0.9443785791811607,
          0.32717354838297596,
          1.4301619314195613
        ],
        [
          0.0,
          0.0,
          0.0,
          1.0
        ]
      ]
    },
    {
      "file_path": "./images/0099.jpg",
      "sharpness": 1147.6713691161585,
      "transform_matrix": [
        [
          -0.9865027352137229,
          -0.0013181544808444356,
          0.16373947577378362,
          0.7445974321900336
        ],
        [
          0.1552737224888314,
          -0.3249951257693022,
          0.932881685601504,
          3.489009310938477
        ],
        [
          0.051984849348527096,
          0.9457147723984378,
          0.3208132552556006,
          1.3838672558202996
        ],
        [
          0.0,
          0.0,
          0.0,
          1.0
        ]
      ]
    },
    {
      "file_path": "./images/0086.jpg",
      "sharpness": 612.019721257507,
      "transform_matrix": [
        [
          -0.690872931016328,
          0.24496219220848955,
          -0.6802118182003197,
          -2.560945789716821
        ],
        [
          -0.7228123419923526,
          -0.2540621356222584,
          0.6426466754808852,
          2.370159796658547
        ],
        [
          -0.015391928766177149,
          0.935652689661628,
          0.35258634814741674,
          1.5106356829639047
        ],
        [
          0.0,
          0.0,
          0.0,
          1.0
        ]
      ]
    },
    {
      "file_path": "./images/0079.jpg",
      "sharpness": 1711.7688897667229,
      "transform_matrix": [
        [
          -0.2516721096437927,
          0.35896305585295074,
          -0.8987806594504689,
          -3.477540235085756
        ],
        [
          -0.9664888754181833,
          -0.14177191406953837,
          0.21400929436359004,
          0.7238845921044759
        ],
        [
          -0.05060042413328696,
          0.9225216793957615,
          0.38261383687011224,
          1.4512135276808622
        ],
        [
          0.0,
          0.0,
          0.0,
          1.0
        ]
      ]
    },
    {
      "file_path": "./images/0083.jpg",
      "sharpness": 844.4311698465144,
      "transform_matrix": [
        [
          -0.5255384885611907,
          0.28518174748686703,
          -0.8015489180226134,
          -3.155806065056731
        ],
        [
          -0.8503788766591845,
          -0.20464046419560064,
          0.4847453419536071,
          1.7272796163247148
        ],
        [
          -0.025788818955180468,
          0.9363726028428307,
          0.3500589743234017,
          1.496328964438762
        ],
        [
          0.0,
          0.0,
          0.0,
          1.0
        ]
      ]
    },
    {
      "file_path": "./images/0085.jpg",
      "sharpness": 1618.902472985608,
      "transform_matrix": [
        [
          -0.6261569753664741,
          0.2596224317833768,
          -0.7352031251000368,
          -2.8569916124244013
        ],
        [
          -0.7793456784139039,
          -0.2367070113897504,
          0.5801638598676685,
          2.189482805115211
        ],
        [
          -0.023404182375160176,
          0.9362510260147889,
          0.350551366529527,
          1.502950633521819
        ],
        [
          0.0,
          0.0,
          0.0,
          1.0
        ]
      ]
    },
    {
      "file_path": "./images/0077.jpg",
      "sharpness": 632.76064279606,
      "transform_matrix": [
        [
          -0.018451449372745492,
          0.37590285431357073,
          -0.9264753575659854,
          -3.4599411160966906
        ],
        [
          -0.9969661717732565,
          -0.07699881409660299,
          -0.01138573526570905,
          0.16108489564121894
        ],
        [
          -0.07561743420714585,
          0.9234545071569936,
          0.3761831693437061,
          1.3872664075862093
        ],
        [
          0.0,
          0.0,
          0.0,
          1.0
        ]
      ]
    },
    {
      "file_path": "./images/0095.jpg",
      "sharpness": 1421.121977653899,
      "transform_matrix": [
        [
          -0.9960631671077504,
          0.06744111057502236,
          -0.05753141557228371,
          -0.4334854783005853
        ],
        [
          -0.07663296343125295,
          -0.3288667768960064,
          0.9412619358976665,
          3.495477608712778
        ],
        [
          0.04455957908941255,
          0.9419651478139017,
          0.332740295512013,
          1.4470835148729284
        ],
        [
          0.0,
          0.0,
          0.0,
          1.0
        ]
      ]
    },
    {
      "file_path": "./images/0089.jpg",
      "sharpness": 1625.3633321813293,
      "transform_matrix": [
        [
          -0.8334613553292781,
          0.17796102595077787,
          -0.5231367339972366,
          -1.9530868212652248
        ],
        [
          -0.551964792919588,
          -0.31270297749028,
          0.7730146927749799,
          3.0174002797952775
        ],
        [
          -0.02601992655421584,
          0.9330309325790946,
          0.3588540682712281,
          1.4982506717542068
        ],
        [
          0.0,
          0.0,
          0.0,
          1.0
        ]
      ]
    },
    {
      "file_path": "./images/0094.jpg",
      "sharpness": 1322.7554892303358,
      "transform_matrix": [
        [
          -0.9892325346182758,
          0.09104335547695733,
          -0.11458664808023677,
          -0.6846043999861895
        ],
        [
          -0.13832660599217955,
          -0.3259252713126672,
          0.9352210795285226,
          3.431064775865353
        ],
        [
          0.04779898082869877,
          0.9410015010514003,
          0.33500960059804624,
          1.4584960824927509
        ],
        [
          0.0,
          0.0,
          0.0,
          1.0
        ]
      ]
    },
    {
      "file_path": "./images/0096.jpg",
      "sharpness": 1187.2730621970136,
      "transform_matrix": [
        [
          -0.9988689763711074,
          0.04326394385557286,
          0.019723063845755832,
          -0.12151999110136848
        ],
        [
          0.004340221092886235,
          -0.3301113578243577,
          0.943932017634888,
          3.645363186048455
        ],
        [
          0.047349029201012416,
          0.9429500106765948,
          0.32955021899680925,
          1.4462012617543685
        ],
        [
          0.0,
          0.0,
          0.0,
          1.0
        ]
      ]
    },
    {
      "file_path": "./images/0082.jpg",
      "sharpness": 1468.8850654711543,
      "transform_matrix": [
        [
          -0.3786469703793373,
          0.2999206153898817,
          -0.8755992783966704,
          -3.2247148637917156
        ],
        [
          -0.9241898616200739,
          -0.17362402881566638,
          0.34018788381794635,
          1.482059231241573
        ],
        [
          -0.04999571488046011,
          0.9380310875034785,
          0.34292580453028915,
          1.4786691532332095
        ],
        [
          0.0,
          0.0,
          0.0,
          1.0
        ]
      ]
    },
    {
      "file_path": "./images/0098.jpg",
      "sharpness": 877.5378303419129,
      "transform_matrix": [
        [
          -0.9930533500113725,
          0.004933231042699993,
          0.11756150434872809,
          0.520114399049506
        ],
        [
          0.109531479138506,
          -0.3262574732713348,
          0.9389136894370975,
          3.5436176784754068
        ],
        [
          0.042987197521940135,
          0.9452680701281111,
          0.3234507327053059,
          1.3948338382259
        ],
        [
          0.0,
          0.0,
          0.0,
          1.0
        ]
      ]
    },
    {
      "file_path": "./images/0081.jpg",
      "sharpness": 1304.5146965891977,
      "transform_matrix": [
        [
          -0.32496072294244976,
          0.30437091698843505,
          -0.8954098913226306,
          -3.3402507009862497
        ],
        [
          -0.9440333230418301,
          -0.16104396670900795,
          0.2878644225556094,
          1.2689546997429955
        ],
        [
          -0.05658280246748098,
          0.938841406052909,
          0.33966925204916054,
          1.4601067434303552
        ],
        [
          0.0,
          0.0,
          0.0,
          1.0
        ]
      ]
    },
    {
      "file_path": "./images/0136.jpg",
      "sharpness": 2178.3932725597656,
      "transform_matrix": [
        [
          0.8048963824860944,
          0.4929374356678599,
          -0.33038537803610396,
          -1.3462450149453369
        ],
        [
          -0.5132025260116612,
          0.2987059363597871,
          -0.8046104218059322,
          -3.1071637967756507
        ],
        [
          -0.29793452433079465,
          0.8171826283876517,
          0.49340406475357057,
          1.8322049082999892
        ],
        [
          0.0,
          0.0,
          0.0,
          1.0
        ]
      ]
    },
    {
      "file_path": "./images/0001.jpg",
      "sharpness": 1232.89498494419,
      "transform_matrix": [
        [
          -0.679457811280183,
          -0.1385532703391414,
          0.7205137569892319,
          3.00844014264346
        ],
        [
          0.721291076238832,
          -0.3060810394359469,
          0.6213321017266729,
          2.8520295798745687
        ],
        [
          0.1344480050062409,
          0.9418690931409688,
          0.307906390608841,
          1.1249440299444677
        ],
        [
          0.0,
          0.0,
          0.0,
          1.0
        ]
      ]
    },
    {
      "file_path": "./images/0123.jpg",
      "sharpness": 2611.1940700627083,
      "transform_matrix": [
        [
          0.6667368327761949,
          -0.1749949568700372,
          0.7244575632372736,
          3.101650246539804
        ],
        [
          0.709458487609872,
          0.4468093794869185,
          -0.5450046171922538,
          -2.3519207751775166
        ],
        [
          -0.2283213748151218,
          0.8773472194670153,
          0.4220559279741762,
          1.6614192218638815
        ],
        [
          0.0,
          0.0,
          0.0,
          1.0
        ]
      ]
    },
    {
      "file_path": "./images/0006.jpg",
      "sharpness": 1277.633947244188,
      "transform_matrix": [
        [
          -0.5873464214261326,
          -0.14596310549034047,
          0.7960646664157365,
          3.1658434568676683
        ],
        [
          0.7978539785729077,
          -0.2695171254205077,
          0.5392490593227731,
          2.3086857734768373
        ],
        [
          0.13584259320970798,
          0.9518693665517489,
          0.2747571635691185,
          1.0517178887950964
        ],
        [
          0.0,
          0.0,
          0.0,
          1.0
        ]
      ]
    },
    {
      "file_path": "./images/0135.jpg",
      "sharpness": 801.3302935705597,
      "transform_matrix": [
        [
          0.8703360579973856,
          0.42937799630915197,
          -0.2411424526647571,
          -0.9643396799110424
        ],
        [
          -0.4038317355228479,
          0.34203658336451925,
          -0.8484874218425261,
          -3.2372380131619956
        ],
        [
          -0.2818422884706684,
          0.8358501731546352,
          0.471083233101218,
          1.7891787660773668
        ],
        [
          0.0,
          0.0,
          0.0,
          1.0
        ]
      ]
    },
    {
      "file_path": "./images/0010.jpg",
      "sharpness": 1618.4905668741865,
      "transform_matrix": [
        [
          -0.4304875430688189,
          -0.17412918957259188,
          0.8856407288756712,
          3.4590039520453195
        ],
        [
          0.8981492456992515,
          -0.179925017248327,
          0.4011918750649147,
          1.5111421889267573
        ],
        [
          0.0894897073506139,
          0.968145657196087,
          0.23384947888069244,
          1.0623754101251963
        ],
        [
          0.0,
          0.0,
          0.0,
          1.0
        ]
      ]
    },
    {
      "file_path": "./images/0133.jpg",
      "sharpness": 1626.7811983230924,
      "transform_matrix": [
        [
          0.9411982076336141,
          0.3353509371585896,
          -0.04105706925967842,
          -0.23341302191403676
        ],
        [
          -0.18783852810816998,
          0.41839376424189023,
          -0.8886300385434339,
          -3.528345459679194
        ],
        [
          -0.2808248944565175,
          0.8440890989846426,
          0.45678328742511287,
          1.728095822312499
        ],
        [
          0.0,
          0.0,
          0.0,
          1.0
        ]
      ]
    },
    {
      "file_path": "./images/0003.jpg",
      "sharpness": 1079.9120384121595,
      "transform_matrix": [
        [
          -0.6734357178657556,
          -0.1380795710140199,
          0.7262357509881241,
          3.0588948376793588
        ],
        [
          0.72935964850848,
          -0.28423255265347613,
          0.6222912173088437,
          2.784841850880494
        ],
        [
          0.12049413699977146,
          0.9487601847249264,
          0.2921220205179971,
          1.1183824832663167
        ],
        [
          0.0,
          0.0,
          0.0,
          1.0
        ]
      ]
    },
    {
      "file_path": "./images/0129.jpg",
      "sharpness": 2721.360906735227,
      "transform_matrix": [
        [
          0.9419639265436863,
          0.1045636373210822,
          0.3190147439894466,
          1.387284652245758
        ],
        [
          0.2343488451714001,
          0.475616685681936,
          -0.8478616556183023,
          -3.760868059964675
        ],
        [
          -0.2403842338764565,
          0.8734158311386233,
          0.4235093931215339,
          1.6333637486462358
        ],
        [
          0.0,
          0.0,
          0.0,
          1.0
        ]
      ]
    },
    {
      "file_path": "./images/0007.jpg",
      "sharpness": 1730.2440152147835,
      "transform_matrix": [
        [
          -0.46452089220034,
          -0.16965706650709814,
          0.8691586854744491,
          3.3179359051548047
        ],
        [
          0.8778517836087116,
          -0.2174523700543091,
          0.42672088391923685,
          2.137299241766493
        ],
        [
          0.11660440272665308,
          0.9612132680014299,
          0.24994492738378404,
          1.077343518861287
        ],
        [
          0.0,
          0.0,
          0.0,
          1.0
        ]
      ]
    },
    {
      "file_path": "./images/0131.jpg",
      "sharpness": 1865.492964756936,
      "transform_matrix": [
        [
          0.969819296053925,
          0.1786913610405271,
          0.16589132145178398,
          0.5783753373543674
        ],
        [
          0.06873886412686406,
          0.45240009220401944,
          -0.8891620353638532,
          -3.6308377296100516
        ],
        [
          -0.23393482340536598,
          0.8737296802195477,
          0.42646329776882386,
          1.6792158844862346
        ],
        [
          0.0,
          0.0,
          0.0,
          1.0
        ]
      ]
    },
    {
      "file_path": "./images/0005.jpg",
      "sharpness": 1721.1904706607784,
      "transform_matrix": [
        [
          -0.6476917589784503,
          -0.1386402423665441,
          0.749182400080256,
          3.100810468264232
        ],
        [
          0.7513050170701163,
          -0.2796511759524155,
          0.5977758703006928,
          2.459762778525553
        ],
        [
          0.12663394764593683,
          0.9500390007908572,
          0.2852888717108135,
          1.0629297379087748
        ],
        [
          0.0,
          0.0,
          0.0,
          1.0
        ]
      ]
    },
    {
      "file_path": "./images/0132.jpg",
      "sharpness": 2299.2785681704695,
      "transform_matrix": [
        [
          0.9582523069589168,
          0.2835970017128753,
          0.03640407764861853,
          0.14359502290315668
        ],
        [
          -0.0965382003608968,
          0.4407514302602086,
          -0.8924228552624067,
          -3.6665445847060982
        ],
        [
