{
  "camera_angle_x": 0.8472732751186981,
  "camera_angle_y": 1.3136111938167319,
  "fl_x": 1197.4944628755147,
  "fl_y": 1245.137740705526,
  "k1": 0,
  "k2": 0,
  "k3": 0,
  "k4": 0,
  "p1": 0,
  "p2": 0,
  "is_fisheye": false,
  "cx": 518.7973335470786,
  "cy": 940.5978750237792,
  "w": 1080.0,
  "h": 1920.0,
  "aabb_scale": 8,
  "frames": [
    {
      "file_path": "./images/0127.jpg",
      "sharpness": 48.93568575919941,
      "transform_matrix": [
        [
          0.6458967200148903,
          0.42627488292891713,
          -0.6333302071768419,
          -2.5057819743366254
        ],
        [
          -0.7618104782091385,
          0.30596647286093137,
          -0.5709897659124995,
          -2.1680061299182563
        ],
        [
          -0.04962078597177927,
          0.8512780049586361,
          0.5223634136680232,
          2.0164655680109864
        ],
        [
          0.0,
          0.0,
          0.0,
          1.0
        ]
      ]
    },
    {
      "file_path": "./images/0130.jpg",
      "sharpness": 42.32465708707166,
      "transform_matrix": [
        [
          0.4434701858984111,
          0.505752355551087,
          -0.7399653702292233,
          -2.9396453712666757
        ],
        [
          -0.8946066503653881,
          0.1992067881892176,
          -0.39999449579008217,
          -1.2798072211583422
        ],
        [
          -0.05489203367869455,
          0.8393635746535193,
          0.5407916921044608,
          2.058071987297413
        ],
        [
          0.0,
          0.0,
          0.0,
          1.0
        ]
      ]
    },
    {
      "file_path": "./images/0125.jpg",
      "sharpness": 55.50048751304967,
      "transform_matrix": [
        [
          0.7865253947809792,
          0.35411317343691007,
          -0.5059463052812841,
          -2.070421061064776
        ],
        [
          -0.6150916364946403,
          0.3760532926259679,
          -0.6929979796655398,
          -2.725757016346476
        ],
        [
          -0.05513693977176132,
          0.8562638504327416,
          0.513587515794946,
          1.9812492365374401
        ],
        [
          0.0,
          0.0,
          0.0,
          1.0
        ]
      ]
    },
    {
      "file_path": "./images/0129.jpg",
      "sharpness": 41.39172494557323,
      "transform_matrix": [
        [
          0.4977484301945707,
          0.49001769310113497,
          -0.7156320009274317,
          -2.869845660533458
        ],
        [
          -0.8648711909843637,
          0.21844507354120415,
          -0.45197297801071307,
          -1.6790401396544452
        ],
        [
          -0.06514847095782753,
          0.843898341243829,
          0.5325328782746609,
          2.0359350260535485
        ],
        [
          0.0,
          0.0,
          0.0,
          1.0
        ]
      ]
    },
    {
      "file_path": "./images/0123.jpg",
      "sharpness": 53.18217106118956,
      "transform_matrix": [
        [
          0.8680548313552632,
          0.3002042539755898,
          -0.3954215670906954,
          -1.5475345399227602
        ],
        [
          -0.49228539659724446,
          0.4173004910820072,
          -0.7638817895727161,
          -3.0921349080120453
        ],
        [
          -0.06431094863285158,
          0.8577515410012482,
          0.5100258776392136,
          1.9952023981954512
        ],
        [
          0.0,
          0.0,
          0.0,
          1.0
        ]
      ]
    },
    {
      "file_path": "./images/0122.jpg",
      "sharpness": 43.26728536673131,
      "transform_matrix": [
        [
          0.9399842184367757,
          0.22508720238514973,
          -0.2564476954019016,
          -1.2749670154761577
        ],
        [
          -0.33380417553051694,
          0.45077957347223463,
          -0.8278723020729634,
          -3.1133241977024353
        ],
        [
          -0.07074207765455004,
          0.8637902103598423,
          0.49886073307220763,
          1.9888012931657586
        ],
        [
          0.0,
          0.0,
          0.0,
          1.0
        ]
      ]
    },
    {
      "file_path": "./images/0107.jpg",
      "sharpness": 63.722378910062055,
      "transform_matrix": [
        [
          0.6950728046045166,
          -0.31001427334129067,
          0.6486639705491585,
          2.728250603247679
        ],
        [
          0.7178563579438029,
          0.348775966639541,
          -0.6025259948378316,
          -2.1011762381766625
        ],
        [
          -0.03944674489363692,
          0.8844469885068436,
          0.4649704064821706,
          1.9724338352998596
        ],
        [
          0.0,
          0.0,
          0.0,
          1.0
        ]
      ]
    },
    {
      "file_path": "./images/0112.jpg",
      "sharpness": 69.40779223527109,
      "transform_matrix": [
        [
          0.9024285640050647,
          -0.16083475674685008,
          0.39969346749059564,
          1.7721290982178215
        ],
        [
          0.42667300220530313,
          0.4623307758993111,
          -0.7773032888432037,
          -3.1095771407829154
        ],
        [
          -0.05977320556719001,
          0.8719991024832464,
          0.48584434671030086,
          2.004815645932019
        ],
        [
          0.0,
          0.0,
          0.0,
          1.0
        ]
      ]
    },
    {
      "file_path": "./images/0121.jpg",
      "sharpness": 59.43346302312717,
      "transform_matrix": [
        [
          0.9565556696365138,
          0.2006320344797532,
          -0.21153731985508373,
          -0.9303705920498531
        ],
        [
          -0.28287431596542767,
          0.46299283541839403,
          -0.8400117592744365,
          -3.294979339293333
        ],
        [
          -0.07059300473363372,
          0.8633564855504716,
          0.4996320712347626,
          1.9629864724086856
        ],
        [
          0.0,
          0.0,
          0.0,
          1.0
        ]
      ]
    },
    {
      "file_path": "./images/0114.jpg",
      "sharpness": 71.38449025620822,
      "transform_matrix": [
        [
          0.9505821471113762,
          -0.09648743883287747,
          0.29509956930723336,
          1.1016770352837109
        ],
        [
          0.3051850193688098,
          0.4650652993054173,
          -0.8310092486463845,
          -3.1710656154118095
        ],
        [
          -0.05705861547644475,
          0.8800025236224472,
          0.4715292916497968,
          2.034365621687353
        ],
        [
          0.0,
          0.0,
          0.0,
          1.0
        ]
      ]
    },
    {
      "file_path": "./images/0118.jpg",
      "sharpness": 56.41272376100309,
      "transform_matrix": [
        [
          0.997198394886485,
          0.026699994591314613,
          0.06987468489631143,
          -0.07089137223125444
        ],
        [
          0.04762013435063189,
          0.4937843107155378,
          -0.8682795502006341,
          -3.355690908371079
        ],
        [
          -0.05768608241209644,
          0.8691744156553018,
          0.49112946473606417,
          2.0302838330759787
        ],
        [
          0.0,
          0.0,
          0.0,
          1.0
        ]
      ]
    },
    {
      "file_path": "./images/0105.jpg",
      "sharpness": 58.54785782012078,
      "transform_matrix": [
        [
          0.5971069511387017,
          -0.3457506320939622,
          0.7238230373324593,
          2.966425235760454
        ],
        [
          0.802089338933711,
          0.26945843795676466,
          -0.5329585749228446,
          -1.5439417390482515
        ],
        [
          -0.01076946083725469,
          0.8988040112743902,
          0.43821840227911957,
          1.936663472507163
        ],
        [
          0.0,
          0.0,
          0.0,
          1.0
        ]
      ]
    },
    {
      "file_path": "./images/0106.jpg",
      "sharpness": 55.67453655461442,
      "transform_matrix": [
        [
          0.6240403325776609,
          -0.33631925612613944,
          0.7053105850189969,
          2.784546590197467
        ],
        [
          0.7809322872063688,
          0.2993976615005793,
          -0.5481840959820163,
          -1.7443067052398153
        ],
        [
          -0.02680347240544112,
          0.8928887939201491,
          0.4494787821739261,
          1.9422685693352115
        ],
        [
          0.0,
          0.0,
          0.0,
          1.0
        ]
      ]
    },
    {
      "file_path": "./images/0117.jpg",
      "sharpness": 48.2152797022318,
      "transform_matrix": [
        [
          0.9916109620139375,
          0.02306353623011248,
          0.1271840138345703,
          0.20073937062381308
        ],
        [
          0.09939618584598346,
          0.49296505716869227,
          -0.8643528507796713,
          -3.4143193532346485
        ],
        [
          -0.08263230794046061,
          0.8697433677568585,
          0.4865371270449093,
          2.0474711452021186
        ],
        [
          0.0,
          0.0,
          0.0,
          1.0
        ]
      ]
    },
    {
      "file_path": "./images/0111.jpg",
      "sharpness": 64.13312692677876,
      "transform_matrix": [
        [
          0.8610861119880087,
          -0.20851718251257464,
          0.46373623149707577,
          1.908898711619556
        ],
        [
          0.5062442783978114,
          0.436625921443355,
          -0.7436898112212016,
          -2.8830831415648177
        ],
        [
          -0.04740715528492606,
          0.8751447819507184,
          0.4815331476834634,
          2.0104001462578913
        ],
        [
          0.0,
          0.0,
          0.0,
          1.0
        ]
      ]
    },
    {
      "file_path": "./images/0119.jpg",
      "sharpness": 65.06359362401885,
      "transform_matrix": [
        [
          0.9948639689828824,
          0.09156609924668546,
          -0.0431431657750001,
          -0.36965401421028343
        ],
        [
          -0.08304687861949298,
          0.4947002374489965,
          -0.8650866378695671,
          -3.4465177839412946
        ],
        [
          -0.057869674586952136,
          0.8642264313163525,
          0.49976372041508327,
          2.060761771762727
        ],
        [
          0.0,
          0.0,
          0.0,
          1.0
        ]
      ]
    },
    {
      "file_path": "./images/0108.jpg",
      "sharpness": 60.249095769875524,
      "transform_matrix": [
        [
          0.7342107057445847,
          -0.28773474007764666,
          0.6149336216106621,
          2.579888240549473
        ],
        [
          0.6772516937201136,
          0.3738910082693341,
          -0.6336684127282854,
          -2.364128523593168
        ],
        [
          -0.047589735770935504,
          0.8817109692785494,
          0.46938362111268506,
          1.9905503092629353
        ],
        [
          0.0,
          0.0,
          0.0,
          1.0
        ]
      ]
    },
    {
      "file_path": "./images/0120.jpg",
      "sharpness": 50.92662113869237,
      "transform_matrix": [
        [
          0.9806565031947649,
          0.14813609480597462,
          -0.127939517828418,
          -0.6307602972301176
        ],
        [
          -0.18397028571059942,
          0.4743539056202152,
          -0.860896803455219,
          -3.453981937682938
        ],
        [
          -0.06684128052972571,
          0.8677811185365167,
          0.4924308820478078,
          1.9314502817763581
        ],
        [
          0.0,
          0.0,
          0.0,
          1.0
        ]
      ]
    },
    {
      "file_path": "./images/0104.jpg",
      "sharpness": 65.48881268649258,
      "transform_matrix": [
        [
          0.5846477009967698,
          -0.30312791827080776,
          0.7525294219821012,
          3.2165307690777647
        ],
        [
          0.8110306674023912,
          0.24170622903110744,
          -0.5327357275248211,
          -1.426322908779637
        ],
        [
          -0.0204039767491693,
          0.9217871576863071,
          0.3871590289831065,
          1.9047018114760124
        ],
        [
          0.0,
          0.0,
          0.0,
          1.0
        ]
      ]
    },
    {
      "file_path": "./images/0116.jpg",
      "sharpness": 76.12585740802874,
      "transform_matrix": [
        [
          0.9904309777521704,
          0.01978271076850996,
          0.13658375719039906,
          0.6442265494415981
        ],
        [
          0.10935735378196176,
          0.49121367127670446,
          -0.8641470351309868,
          -3.492997817932197
        ],
        [
          -0.08418697966372363,
          0.8708144311823625,
          0.48434985182754164,
          2.0311870071807614
        ],
        [
          0.0,
          0.0,
          0.0,
          1.0
        ]
      ]
    },
    {
      "file_path": "./images/0115.jpg",
      "sharpness": 80.39856577336721,
      "transform_matrix": [
        [
          0.9834052482498952,
          -0.029169713771612704,
          0.1790621277036581,
          0.880972114216502
        ],
        [
          0.17083339296525488,
          0.4811479479868376,
          -0.8598328930652981,
          -3.3500490699232577
        ],
        [
          -0.0610742959246397,
          0.876153970485499,
          0.4781465784103536,
          2.0291893876676035
        ],
        [
          0.0,
          0.0,
          0.0,
          1.0
        ]
      ]
    },
    {
      "file_path": "./images/0113.jpg",
      "sharpness": 70.10762628249182,
      "transform_matrix": [
        [
          0.9217676092231682,
          -0.13208473875559248,
          0.364551911858364,
          1.40446121779448
        ],
        [
          0.38237126602209504,
          0.46560522040098656,
          -0.7981252994718404,
          -3.169760628273409
        ],
        [
          -0.06431710159344745,
          0.8750802252227416,
          0.4796852196310176,
          2.0211051333910666
        ],
        [
          0.0,
          0.0,
          0.0,
          1.0
        ]
      ]
    },
    {
      "file_path": "./images/0109.jpg",
      "sharpness": 50.705804389213775,
      "transform_matrix": [
        [
          0.7522496294445002,
          -0.28044186031962265,
          0.5962154459973327,
          2.2219948611023566
        ],
        [
          0.6573057364775149,
          0.3819001506035959,
          -0.649693345943845,
          -2.478921547260042
        ],
        [
          -0.045493558044799265,
          0.8806274115693621,
          0.4716202903128678,
          1.9616341856880821
        ],
        [
          0.0,
          0.0,
          0.0,
          1.0
        ]
      ]
    },
    {
      "file_path": "./images/0110.jpg",
      "sharpness": 44.337700134946864,
      "transform_matrix": [
        [
          0.7925486615740334,
          -0.265075060208104,
          0.5491828762421453,
          2.0214405431912743
        ],
        [
          0.6087252850393682,
          0.39755623333441414,
          -0.6865876263753224,
          -2.647847562082757
        ],
        [
          -0.03633381929100915,
          0.8784556072162942,
          0.47644055221160975,
          1.9749153174082528
        ],
        [
          0.0,
          0.0,
          0.0,
          1.0
        ]
      ]
    },
    {
      "file_path": "./images/0097.jpg",
      "sharpness": 60.40588079335453,
      "transform_matrix": [
        [
          0.02611508569328598,
          -0.23435865353264035,
          0.9717993742940552,
          3.6729227712768426
        ],
        [
          0.9974752881547321,
          0.0703287483967416,
          -0.009844626482930316,
          0.0579080939429562
        ],
        [
          -0.06603826027976624,
          0.969602954166771,
          0.2356036067551081,
          1.0438688536067309
        ],
        [
          0.0,
          0.0,
          0.0,
          1.0
        ]
      ]
    },
    {
      "file_path": "./images/0098.jpg",
      "sharpness": 62.510979872449255,
      "transform_matrix": [
        [
          0.1808281502989279,
          -0.20591972825819105,
          0.9617163020549553,
          3.7198121483420326
        ],
        [
          0.9788249160255535,
          0.1330578867458279,
          -0.15555507880911051,
          -0.19640142024191562
        ],
        [
          -0.09593207924289118,
          0.9694806157700031,
          0.22561997226326105,
          1.0612936625244358
        ],
        [
          0.0,
          0.0,
          0.0,
          1.0
        ]
      ]
    },
    {
      "file_path": "./images/0094.jpg",
      "sharpness": 84.2884822983811,
      "transform_matrix": [
        [
          -0.205828834045211,
          -0.26894489213162676,
          0.9409054873559902,
          3.5735218337581145
        ],
        [
          0.9750285353867234,
          0.025570896183358203,
          0.22060254860496764,
          1.0086105833353518
        ],
        [
          -0.08338972517405713,
          0.962816064640805,
          0.25696571652792866,
          1.0744100555624998
        ],
        [
          0.0,
          0.0,
          0.0,
          1.0
        ]
      ]
    },
    {
      "file_path": "./images/0086.jpg",
      "sharpness": 66.61958324280835,
      "transform_matrix": [
        [
          -0.7944477806700024,
          -0.24745106554475071,
          0.5546356407714815,
          2.2897378173456837
        ],
        [
          0.6018399138665387,
          -0.19821954195325425,
          0.7736263511967297,
          2.998985108672769
        ],
        [
          -0.08149504227245569,
          0.9484076040452949,
          0.30640100316382324,
          1.2122324850325286
        ],
        [
          0.0,
          0.0,
          0.0,
          1.0
        ]
      ]
    },
    {
      "file_path": "./images/0095.jpg",
      "sharpness": 63.620706973346174,
      "transform_matrix": [
        [
          -0.13585721860225122,
          -0.25520600502210833,
          0.9572944746623332,
          3.5657350215499095
        ],
        [
          0.9872697437902817,
          0.04579474924980925,
          0.15231970961902874,
          0.6657848483915556
        ],
        [
          -0.0827119650033894,
          0.9658016028188778,
          0.24573561993225157,
          1.033671158548395
        ],
        [
          0.0,
          0.0,
          0.0,
          1.0
        ]
      ]
    },
    {
      "file_path": "./images/0093.jpg",
      "sharpness": 127.43559654514198,
      "transform_matrix": [
        [
          -0.30687024079387226,
          -0.2738691161188632,
          0.9114967704913168,
          3.3592017029876216
        ],
        [
          0.9490569784412443,
          -0.01604043347947137,
          0.31469597418265904,
          1.2898119806298178
        ],
        [
          -0.07156470498175052,
          0.9616332002357363,
          0.26483972751642604,
          1.1012580616228886
        ],
        [
          0.0,
          0.0,
          0.0,
          1.0
        ]
      ]
    },
    {
      "file_path": "./images/0103.jpg",
      "sharpness": 38.736938110563436,
      "transform_matrix": [
        [
          0.47526282454699764,
          -0.25397521073204266,
          0.8423905507553734,
          3.282045543202748
        ],
        [
          0.8778241708656556,
          0.20170994600207687,
          -0.4344396652342762,
          -1.4097116654981876
        ],
        [
          -0.05958164697729265,
          0.9459438091563926,
          0.31881081745745504,
          1.8087721553830398
        ],
        [
          0.0,
          0.0,
          0.0,
          1.0
        ]
      ]
    },
    {
      "file_path": "./images/0099.jpg",
      "sharpness": 56.5608010077245,
      "transform_matrix": [
        [
          0.294628953485008,
          -0.18198525376972985,
          0.9381232047249514,
          3.5991684560590618
        ],
        [
          0.9511107889058701,
          0.15101273465121656,
          -0.2694131051025933,
          -0.5281577881493335
        ],
        [
          -0.09263933828429163,
          0.9716360025483752,
          0.21758086225536005,
          1.0249325593511784
        ],
        [
          0.0,
          0.0,
          0.0,
          1.0
        ]
      ]
    },
    {
      "file_path": "./images/0096.jpg",
      "sharpness": 72.04893948502192,
      "transform_matrix": [
        [
          -0.10076036353662611,
          -0.2416285685518019,
          0.9651232999281962,
          3.542802905727173
        ],
        [
          0.993042295686356,
          0.03499801227786658,
          0.11243726302065761,
          0.35334341598134833
        ],
        [
          -0.06094545201610608,
          0.9697374768781124,
          0.23642097597791228,
          1.0278714796065163
        ],
        [
          0.0,
          0.0,
          0.0,
          1.0
        ]
      ]
    },
    {
      "file_path": "./images/0100.jpg",
      "sharpness": 56.37096624522734,
      "transform_matrix": [
        [
          0.30328546421135016,
          -0.1674021155622646,
          0.9380801985801113,
          3.4063604934786667
        ],
        [
          0.9488398756059148,
          0.14383041977197458,
          -0.28109731554992856,
          -0.8955201184152353
        ],
        [
          -0.08786818343962315,
          0.9753406287642492,
          0.20245947813452286,
          1.0129573382411623
        ],
        [
          0.0,
          0.0,
          0.0,
          1.0
        ]
      ]
    },
    {
      "file_path": "./images/0092.jpg",
      "sharpness": 151.81289446181356,
      "transform_matrix": [
        [
          -0.4457516626758584,
          -0.267847481799261,
          0.8541447077516895,
          3.1681787761302287
        ],
        [
          0.8922311815622462,
          -0.05586129444753315,
          0.4481105158682295,
          1.5223711184919917
        ],
        [
          -0.07231164422255362,
          0.9618405493332294,
          0.2638821400434403,
          1.0820135602002634
        ],
        [
          0.0,
          0.0,
          0.0,
          1.0
        ]
      ]
    },
    {
      "file_path": "./images/0102.jpg",
      "sharpness": 35.63018517041616,
      "transform_matrix": [
        [
          0.4621480811305086,
          -0.16934224537188797,
          0.8704839775116558,
          3.3518148444704323
        ],
        [
          0.8815360645068556,
          0.19454839775119642,
          -0.43016867378647344,
          -1.3247434182659366
        ],
        [
          -0.09650553398533251,
          0.9661646469047738,
          0.23919146524761878,
          1.3881831179190456
        ],
        [
          0.0,
          0.0,
          0.0,
          1.0
        ]
      ]
    },
    {
      "file_path": "./images/0101.jpg",
      "sharpness": 46.28343312907695,
      "transform_matrix": [
        [
          0.4419717216324468,
          -0.1636200575588307,
          0.8819804272807945,
          3.398683754068744
        ],
        [
          0.8937395651463539,
          0.16444603063668156,
          -0.4173572722510681,
          -1.1469955664187534
        ],
        [
          -0.07675015945725461,
          0.9727209156981589,
          0.21891421436796715,
          1.108500560980171
        ],
        [
          0.0,
          0.0,
          0.0,
          1.0
        ]
      ]
    },
    {
      "file_path": "./images/0091.jpg",
      "sharpness": 133.64033025482806,
      "transform_matrix": [
        [
          -0.4958151925410612,
          -0.25922571158617447,
          0.8288361269652939,
          3.1312402008348617
        ],
        [
          0.8662196678115484,
          -0.07960317226523789,
          0.49328168632412084,
          1.7683037739904943
        ],
        [
          -0.061893311155327424,
          0.9625307088518607,
          0.2640148719619565,
          1.0922537424420147
        ],
        [
          0.0,
          0.0,
          0.0,
          1.0
        ]
      ]
    },
    {
      "file_path": "./images/0075.jpg",
      "sharpness": 112.85019434135157,
      "transform_matrix": [
        [
          -0.9825268858200755,
          -0.0077572765442922575,
          -0.18595898302054648,
          -0.5171320983142745
        ],
        [
          -0.17199430656859355,
          -0.3439742460632226,
          0.9230924528747009,
          3.2472462379969773
        ],
        [
          -0.07112578441607414,
          0.9389470393818152,
          0.3366297373867103,
          1.2824330585611758
        ],
        [
          0.0,
          0.0,
          0.0,
          1.0
        ]
      ]
    },
    {
      "file_path": "./images/0084.jpg",
      "sharpness": 74.78163939323035,
      "transform_matrix": [
        [
          -0.8917449983101271,
          -0.21018983661820645,
          0.4007631353255928,
          1.851497075187177
        ],
        [
          0.44267041556450804,
          -0.22122712586429344,
          0.8689657426888449,
          3.0552413244140344
        ],
        [
          -0.09398809090214283,
          0.9523018384031384,
          0.2903230053032263,
          1.237345666692453
        ],
        [
          0.0,
          0.0,
          0.0,
          1.0
        ]
      ]
    },
    {
      "file_path": "./images/0089.jpg",
      "sharpness": 60.224839883222394,
      "transform_matrix": [
        [
          -0.5985626811909701,
          -0.274271222407401,
          0.752660622929979,
          2.8323932434037618
        ],
        [
          0.7987811379983032,
          -0.133280898381207,
          0.5866727330512642,
          2.287880407743793
        ],
        [
          -0.06059216364679465,
          0.9523715129873198,
          0.298859651041366,
          1.154602091669426
        ],
        [
          0.0,
          0.0,
          0.0,
          1.0
        ]
      ]
    },
    {
      "file_path": "./images/0085.jpg",
      "sharpness": 66.52374204298009,
      "transform_matrix": [
        [
          -0.8529600298233547,
          -0.22844233792888186,
          0.4693328092409959,
          2.1145289714828395
        ],
        [
          0.5140513979751676,
          -0.2115448439892192,
          0.831264061067456,
          3.098366261023824
        ],
        [
          -0.09061096963659798,
          0.9502962050251269,
          0.29787039960707884,
          1.2635861173952112
        ],
        [
          0.0,
          0.0,
          0.0,
          1.0
        ]
      ]
    },
    {
      "file_path": "./images/0090.jpg",
      "sharpness": 62.72656678236815,
      "transform_matrix": [
        [
          -0.513857456308727,
          -0.26571408496733767,
          0.8156877709703708,
          3.0723004962190603
        ],
        [
          0.8562796734153687,
          -0.1008933948404715,
          0.5065625763656851,
          2.1528762065566176
        ],
        [
          -0.052303303114647426,
          0.9587578150878856,
          0.27937039312877215,
          1.1096939954091491
        ],
        [
          0.0,
          0.0,
          0.0,
          1.0
        ]
      ]
    },
    {
      "file_path": "./images/0076.jpg",
      "sharpness": 79.86424798937833,
      "transform_matrix": [
        [
          -0.9975284610962059,
          -0.062086960447124584,
          -0.03289648476948711,
          -0.2414651262346058
        ],
        [
          -0.0090788277872519,
          -0.35036968763191745,
          0.936567486557017,
          3.339986465748466
        ],
        [
          -0.06967455958680174,
          0.934551385097991,
          0.34894005849649185,
          1.2994876567823508
        ],
        [
          0.0,
          0.0,
          0.0,
          1.0
        ]
      ]
    },
    {
      "file_path": "./images/0081.jpg",
      "sharpness": 69.51264120037689,
      "transform_matrix": [
        [
          -0.9152683063196982,
          -0.20368961472931651,
          0.3475549860997686,
          1.1122058756771482
        ],
        [
          0.39326510491185285,
          -0.2647506759194933,
          0.8804826158760015,
          3.2956246473801283
        ],
        [
          -0.0873297473145398,
          0.942559080647929,
          0.3224219204518096,
          1.2723375762408977
        ],
        [
          0.0,
          0.0,
          0.0,
          1.0
        ]
      ]
    },
    {
      "file_path": "./images/0073.jpg",
      "sharpness": 74.0826719440997,
      "transform_matrix": [
        [
          -0.9494967525077935,
          0.04246280245554668,
          -0.31089037850903656,
          -1.1505220353679855
        ],
        [
          -0.30613256433525204,
          -0.34273247132640783,
          0.8881538752676936,
          3.236237754117495
        ],
        [
          -0.06883872518238421,
          0.9384728890940157,
          0.33842261510797245,
          1.3515965192383053
        ],
        [
          0.0,
          0.0,
          0.0,
          1.0
        ]
      ]
    },
    {
      "file_path": "./images/0079.jpg",
      "sharpness": 78.05014940905757,
      "transform_matrix": [
        [
          -0.9771392368240017,
          -0.13360999145078983,
          0.16537013668810968,
          0.6518470279663314
        ],
        [
          0.1982524299003821,
          -0.2917358520195995,
          0.9357276135104694,
          3.255872209545943
        ],
        [
          -0.0767781607160985,
          0.947121197572141,
          0.3115550532607198,
          1.2607472917626135
        ],
        [
          0.0,
          0.0,
          0.0,
          1.0
        ]
      ]
    },
    {
      "file_path": "./images/0087.jpg",
      "sharpness": 57.55997628918977,
      "transform_matrix": [
        [
          -0.7676454927142303,
          -0.24223091211517225,
          0.5933334499217915,
          2.494043726919579
        ],
        [
          0.6371360630005347,
          -0.18859704570548783,
          0.7473210766306186,
          2.695882386938426
        ],
        [
          -0.06912333026163237,
          0.9517117944155358,
          0.2991097217571268,
          1.171207387157631
        ],
        [
          0.0,
          0.0,
          0.0,
          1.0
        ]
      ]
    },
    {
      "file_path": "./images/0083.jpg",
      "sharpness": 75.30627622431977,
      "transform_matrix": [
        [
          -0.889958702794397,
          -0.20455488176683073,
          0.4075914716116975,
          1.6760168973482825
        ],
        [
          0.4478895211072052,
          -0.2238199716181499,
          0.8656209315793001,
          3.0836207380387166
        ],
        [
          -0.08583987570616758,
          0.9529228304075356,
          0.2908085196354543,
          1.22202559083563
        ],
        [
          0.0,
          0.0,
          0.0,
          1.0
        ]
      ]
    },
    {
      "file_path": "./images/0088.jpg",
      "sharpness": 46.08615593844233,
      "transform_matrix": [
        [
          -0.714699623014018,
          -0.2543173328492887,
          0.6515574749327658,
          2.628187607586287
        ],
        [
          0.6967020566292293,
          -0.17663728009912402,
          0.6952736983151253,
          2.4376482316871617
        ],
        [
          -0.06173081235538691,
          0.9508532828751877,
          0.30342600632962524,
          1.1713474248244466
        ],
        [
          0.0,
          0.0,
          0.0,
          1.0
        ]
      ]
    },
    {
      "file_path": "./images/0072.jpg",
      "sharpness": 67.43754912644381,
      "transform_matrix": [
        [
          -0.8987974916411716,
          0.09667056848263145,
          -0.4275720644213092,
          -1.3418583446034986
        ],
        [
          -0.4342598126860566,
          -0.3295113493047505,
          0.8383559421667153,
          3.0599930227953194
        ],
        [
          -0.05984550235243502,
          0.9391895825273027,
          0.3381441171839296,
          1.2977783741154143
        ],
        [
          0.0,
          0.0,
          0.0,
          1.0
        ]
      ]
    },
    {
      "file_path": "./images/0080.jpg",
      "sharpness": 68.67756364712584,
      "transform_matrix": [
        [
          -0.9643043827899576,
          -0.15940212367916323,
          0.21144271177642507,
          0.8662175216580361
        ],
        [
          0.2500408654240607,
          -0.2853124669843443,
          0.9252439471849032,
          3.26569691147639
        ],
        [
          -0.08715860837977368,
          0.9450861120604703,
          0.3149851073327895,
          1.269991804402032
        ],
        [
          0.0,
          0.0,
          0.0,
          1.0
        ]
      ]
    },
    {
      "file_path": "./images/0126.jpg",
      "sharpness": 42.640909507258684,
      "transform_matrix": [
        [
          0.7546025339278775,
          0.36785780340701624,
          -0.5433743206362511,
          -2.2897057808944066
        ],
        [
          -0.6544599320538136,
          0.36196574819991817,
          -0.663824520839052,
          -2.3617619512762564
        ],
        [
          -0.04751013756184569,
          0.8565403864719966,
          0.5138884638099797,
          1.990185350162446
        ],
        [
          0.0,
          0.0,
          0.0,
          1.0
        ]
      ]
    },
    {
      "file_path": "./images/0013.jpg",
      "sharpness": 23.744570790194757,
      "transform_matrix": [
        [
          0.162756502912912,
          -0.3088756237627899,
          0.9370731934429796,
          3.855162029364504
        ],
        [
          0.9808318323142459,
          -0.05248146329804118,
          -0.18765556940890935,
          -1.6373551476175634
        ],
        [
          0.10714120346299436,
          0.9496533815663647,
          0.29441334457832136,
          0.7386532623317078
        ],
        [
          0.0,
          0.0,
          0.0,
          1.0
        ]
      ]
    },
    {
      "file_path": "./images/0124.jpg",
      "sharpness": 51.25157068341598,
      "transform_matrix": [
        [
          0.8234501077280333,
          0.3356648689446806,
          -0.4574483751241858,
          -1.8026563544804959
        ],
        [
          -0.5636351163262042,
          0.3913424184457752,
          -0.7274383597047687,
          -3.0329686166409733
        ],
        [
          -0.06515654824044537,
          0.856843163790749,
          0.5114434640819778,
          1.9728197105960705
        ],
        [
          0.0,
          0.0,
          0.0,
          1.0
        ]
      ]
    },
    {
      "file_path": "./images/0020.jpg",
      "sharpness": 30.958187661747342,
      "transform_matrix": [
        [
          0.7950453838044262,
          -0.06452368893013644,
          0.6031082252157042,
          3.0157892925250738
        ],
        [
          0.6004480821598706,
          0.2244093040641126,
          -0.7675301719678519,
          -3.042773237659748
        ],
        [
          -0.08581921903545048,
          0.972356497319271,
          0.21715870655091712,
          0.7979285798922724
        ],
        [
          0.0,
          0.0,
          0.0,
          1.0
        ]
      ]
    },
    {
      "file_path": "./images/0132.jpg",
      "sharpness": 50.82385791841333,
      "transform_matrix": [
        [
          0.13957541655270378,
          0.5555611671415889,
          -0.8196770661200248,
          -3.194835615065643
        ],
        [
          -0.9893710863946775,
          0.04414658075252351,
          -0.13854938763878497,
          -0.6291271914606096
        ],
        [
          -0.04078671971289659,
          0.8303028778927766,
          0.5558179328914803,
          2.1379420477385325
        ],
        [
          0.0,
          0.0,
          0.0,
          1.0
        ]
      ]
    },
    {
      "file_path": "./images/0031.jpg",
      "sharpness": 27.847661032669624,
      "transform_matrix": [
        [
          0.9807560949836969,
          0.19255121237899642,
          0.03227247787861756,
          0.37146531577895675
        ],
        [
          -0.01528383774083128,
          0.24051256406789095,
          -0.9705256878776608,
          -4.4458661351584485
        ],
        [
          -0.19463783424921344,
          0.9513557364088694,
          0.23882708461654184,
          0.9189521490024203
        ],
        [
          0.0,
          0.0,
          0.0,
          1.0
        ]
      ]
    },
    {
      "file_path": "./images/0137.jpg",
      "sharpness": 41.89717833672041,
      "transform_matrix": [
        [
          -0.33303346491254493,
          0.535109573643001,
          -0.7763674745303712,
          -2.981819683499843
        ],
        [
          -0.9420773871810612,
          -0.22352816754390364,
          0.25005070461323486,
          0.7349523256829732
        ],
        [
          -0.03973547298774209,
          0.8146734944591009,
          0.5785569891358683,
          2.212089229253686
        ],
        [
          0.0,
          0.0,
          0.0,
          1.0
        ]
      ]
    },
    {
      "file_path": "./images/0012.jpg",
      "sharpness": 48.312351700295594,
      "transform_matrix": [
        [
          0.12432910473903938,
          -0.33138315702352666,
          0.9352686656895048,
          3.8686749426479143
        ],
        [
          0.9786261067079763,
          -0.11465732214874645,
          -0.17071801822969143,
          -1.5861523525138626
        ],
        [
          0.16380847653934494,
          0.9365035513990048,
          0.31004496657200253,
          0.8179170876113204
        ],
        [
          0.0,
          0.0,
          0.0,
          1.0
        ]
      ]
    },
    {
      "file_path": "./images/0131.jpg",
      "sharpness": 51.503103776041655,
      "transform_matrix": [
        [
          0.2625370823840244,
          0.5395842612105798,
          -0.7999519394887622,
          -3.041589982840567
        ],
        [
          -0.9642629676525126,
          0.11607756007048568,
          -0.23816576005601098,
          -0.925511301362244
        ],
        [
          -0.03565402637597051,
          0.833891374919697,
          0.5507757849646645,
          2.107133247168613
        ],
        [
          0.0,
          0.0,
          0.0,
          1.0
        ]
      ]
    },
    {
      "file_path": "./images/0023.jpg",
      "sharpness": 43.25400510764417,
      "transform_matrix": [
        [
          0.8114840467694815,
          -0.006665901841427402,
          0.5843365534141975,
          2.4042286301877165
        ],
        [
          0.5664405707897656,
          0.2547950535447933,
          -0.7837247989271977,
          -3.8016326948931356
        ],
        [
          -0.14366183083500939,
          0.9669721022363034,
          0.21053795839126244,
          0.807192822728175
        ],
        [
          0.0,
          0.0,
          0.0,
          1.0
        ]
      ]
    },
    {
      "file_path": "./images/0128.jpg",
      "sharpness": 53.32259204672538,
      "transform_matrix": [
        [
          0.5506085957946475,
          0.4698354824802803,
          -0.6899889808571473,
          -2.730435156920563
        ],
        [
          -0.8325703595444535,
          0.2492109074060941,
          -0.49469234887842833,
          -2.053375085823778
        ],
